[0.         0.         0.         0.52359878 0.         1.04719755
 1.74532925]
[-0.35526158  0.76543764  1.25982385  0.6141154  -0.61086983 -0.30401061
  2.68549984]
[ 0.7581405   0.38924356 -0.98315647  1.76330996 -0.04627668 -1.27479412
  3.49852304]
[ 2.86058333 -1.66326049 -0.40580532  1.20885912  0.05719025 -0.22891642
 -5.90443084]
[ 0.54547372  0.21581977 -0.50135116  1.76563092 -0.04621278 -1.17776348
  3.18055804]
[ 2.74882729 -0.62026911 -2.20413843  0.97280582  2.8093204   0.61619274
 -0.39458475]
[ 0.19732015  0.74440902 -0.49153608  1.00643535  3.09999998  0.9728856
 -5.92138589]
[ 3.01330762 -0.49757963 -2.96054754  1.32840446 -0.22422893 -1.03832896
  3.15983139]
[ 0.69784105  0.45741871 -0.95686028  1.66799485 -0.02021665 -1.23961716
  3.53602638]
[ 0.50479225  1.19099684 -2.21551256  1.11536163 -2.83374333  0.7167339
  1.69482503]
[ 0.29960939  0.70203512 -0.31236277  1.076039    0.03489661 -0.97569343
  3.20838843]
[ 3.07508229 -0.47767092 -2.951474    1.20381179  2.9573789   0.88813767
  6.25176049]
[-2.30780307 -0.95395085 -1.96502362 -1.55599797 -3.07054342 -1.06573104
 -1.76756779]
[ 3.0906019  -0.53132775 -2.98363144  1.03560727  2.927667    0.77976859
 -6.26096316]
[-0.24768015  0.67489945  0.47557244  0.85936869  2.72908324  0.6976025
 -6.27999969]
[ 0.53672994  0.84948751 -0.95379924  0.99621512  0.2586427  -0.87555562
  3.55520371]
[-0.37268582  1.47291602 -0.57142651 -1.21511281  3.1        -0.36089262
 -5.57410094]
[-0.5623295   1.4694717   2.45798858  1.52178762  3.09999977  0.5629505
  4.04938512]
[ 0.22772269  0.37482443 -0.05470597  1.68062062 -0.01549118 -1.2650279
  3.02201616]
[ 3.04727855 -0.50873469 -3.1         1.39253281 -0.23074294 -1.13688474
  3.25477892]
[ 3.05094519 -0.59766021 -3.1         1.29594173 -0.23279032 -1.12882074
  3.25388261]
[-2.48027688 -0.8633855   1.46464398  1.11203228  0.11878334 -0.79287358
 -2.00490994]
[ 2.67795949 -1.35102127 -0.64912048  1.29878743  0.03030235 -0.49295155
 -5.47178805]
[-0.18852286  0.8558832   0.95571332  0.25850537  1.88431629  0.26171509
  0.38031676]
[ 0.81102848  0.43944635 -1.11931327  1.80641464 -0.03820293 -1.32840011
  3.59709874]
[ 0.8793857   0.20535891 -1.00902747  1.89968837 -0.11582277 -1.27131922
  3.37094168]
[ 2.84205534 -0.5845875  -2.77166251  1.39186889 -0.31332863 -1.15191496
  3.10343013]
[ 2.31484617 -0.52380609 -2.05052069  1.65388897 -0.36985801 -1.09464847
  2.82101902]
[ 2.47619672 -0.81136703 -1.79735681  1.14696726  2.60843262  0.67499075
 -0.53483355]
[-2.57232178 -1.32835843  1.20352905  1.35769261 -2.628811    0.95258262
 -4.90741248]
[ 3.09778349 -0.24817135  0.01787251 -1.52097604  2.93280221 -1.00293048
  3.2581951 ]
[ 0.5461233   0.55335729  2.16982911 -1.46321906  3.1        -1.15462809
 -2.58590074]
[-0.49228036  1.17157548 -1.26164695 -1.00358354 -0.68199671  0.45456403
 -1.09665512]
[-2.52694807 -1.17851517  1.35602252  1.13938023  0.47388339 -0.81334026
  4.26174763]
[-0.23514455  1.18608767 -0.76815295 -0.725566   -0.32691919  0.19668652
 -1.97990628]
[ 0.62990522  0.70792185 -1.06789511  1.29169702  0.12287682 -1.02255183
  3.68829268]
[ 2.4606267  -0.71189271 -1.65440885  1.00425423  2.74050518  0.4513154
 -0.66333916]
[ 2.44637608 -1.18650329 -1.4041889   1.42128615 -0.60330336 -0.75555699
  2.07751598]
[ 2.69395497 -0.99765242 -1.83815112  1.16030691 -0.54957    -0.85265551
  2.40210974]
[ 2.27528067 -0.54264213 -1.97534672  1.63337746 -0.37679761 -1.050498
  2.78831212]
[ 0.61110061  0.68962967 -1.22776864  1.33787099 -3.1         1.05780059
 -5.5305361 ]
[ 2.07289478 -0.60794108 -1.6526269   1.71589808 -0.35933772 -0.98414264
  2.6156529 ]
[ 2.81336249 -1.27775536 -0.44366033  1.07524748 -2.85226039  0.432062
  3.48786534]
[ 2.80893203 -0.45794807 -2.6035756   1.45805333 -0.23121386 -1.06012781
  2.96541371]
[ 5.62891233e-01  4.41764223e-01 -6.73313560e-01  1.67955017e+00
 -1.38187149e-03 -1.28143181e+00  3.36081975e+00]
[-3.07275629 -1.63092563  0.12964699  1.41173261  0.35784566 -0.60973312
 -0.44723141]
[ 3.04208333 -0.52290058 -3.1         1.29837473 -0.24498492 -1.0602256
  3.2815418 ]
[ 2.83781196 -0.88307662 -2.21405962  1.07056561 -0.43564724 -0.91347394
  2.64258977]
[ 2.57820204 -1.43795935 -0.9068934   1.52469821 -0.32575643 -0.62842266
 -4.99266999]
[ 2.60726991 -0.95494635 -1.74941968  1.276593   -0.4884587  -0.86152367
  2.32452121]
[-2.75899228 -0.80409823 -0.82899994 -1.01463206  0.11603329  0.94488746
 -5.80149639]
[ 2.70146689 -0.67496464 -2.3950972   1.07766881 -0.45403482 -0.81472942
  2.99639574]
[ 2.62220119 -0.47059071 -2.24467432  1.47521385 -0.21753308 -0.99143607
  2.76388763]
[ 0.17463321  0.8314531   2.12357779 -0.42970746 -3.1        -0.4776066
  3.98465327]
[ 0.54294092  0.34034071 -0.58005688  1.73107893 -0.03065552 -1.25388306
  3.2744964 ]
[ 0.55936747  0.16369992 -0.57288665  1.98173104 -0.09823938 -1.35070116
  3.21788156]
[ 0.84645261  0.30832942 -1.06410925  1.92859017 -0.09121512 -1.37083515
  3.4746253 ]
[-0.46433847  1.22733987 -1.26744864 -1.01469099  2.38769886 -0.48792575
 -4.21812794]
[ 1.02468996  0.31708179 -1.30433311  1.93872057 -0.106744   -1.34119514
  3.55596672]
[ 0.50392406  0.33461561 -0.48975341  1.60101244 -0.01888603 -1.12416173
  3.21912616]
[ 2.40912107 -0.63907211 -1.90394233  1.56303978 -0.324871   -1.01927004
  2.57348623]
[-0.27731694  0.80416481  1.05218174  0.43493803  2.18448348  0.28564557
  0.03611452]
[-0.34966866  1.60560477 -0.46132635 -1.45224767 -3.1        -0.49420711
  0.49800985]
[ 0.85113716  0.40115231 -1.15203313  1.87824267 -0.06096349 -1.36863109
  3.58352847]
[-0.25517405  0.73093726  0.75154435  0.46742365  2.34060038  0.33379945
  0.17187555]
[-0.34578617  1.12030411 -0.74355587 -0.74948917  0.14638365  0.19224112
 -2.36541993]
[ 3.84419168e-01  4.34064381e-01 -3.28734380e-01  1.61431325e+00
  2.13541373e-03 -1.24599133e+00  3.16402715e+00]
[ 3.05087146 -0.49476013 -3.1         1.31286941 -0.23868444 -1.04505773
  3.27537435]
[ 0.48087848  0.5106622  -0.53955704  1.47858664  0.03036384 -1.15939318
  3.29431326]
[-0.19960489  1.17435025 -0.57426368 -0.50781339 -1.37921964 -0.02607993
 -1.11040241]
[ 3.09722994 -1.28898055 -3.09999999 -0.91635508 -2.65798169 -0.45407179
 -0.45871013]
[-2.51766    -0.63087167 -1.08427586 -1.17357728 -3.09949982 -0.86813759
  3.7257182 ]
[-0.85784435  1.02900079 -1.16087168 -1.60543808 -0.20886862  0.7652837
  4.92801706]
[-0.25351609  0.65449828  0.28136829  1.14127969 -1.03265448 -1.67146167
 -0.57916971]
[ 0.13616494  1.57400141  0.13834479 -1.37575145  0.2696196   0.61856204
  2.71141309]
[-0.44922143  1.05059239  2.06459429  0.91750143 -0.24987538 -0.34915074
  1.53672233]
[ 2.45140944 -0.45388298 -2.19562832  1.61985867 -0.29629899 -1.08946543
  2.85937129]
[ 0.89416133  0.43898436 -1.25493288  1.8578233  -0.05575507 -1.349717
  3.65944515]
[ 2.60729464 -0.84367012 -1.94352442  1.37639773 -0.42347916 -0.99511967
  2.4682406 ]
[-0.20133354  0.86447596  1.15795405  0.36077303  2.10608914  0.2586852
 -0.04399617]
[ 2.5197044  -1.146598    1.96280607 -1.15606715  2.6539697  -0.46407497
  1.8751076 ]
[ 0.27749199  0.63588504  2.6345885  -1.25472109  3.09999936 -1.09976025
 -2.83118748]
[ 2.44382164 -0.67312095 -1.92373995  1.5296607  -0.34625525 -1.01505542
  2.56638123]
[ 0.54823387  0.27226881 -0.54148834  1.60426239 -0.0438577  -1.06696259
  3.23105774]
[ 2.51025619 -1.28143365 -0.85090711  1.56109836  3.05730214  0.70217701
  4.33102312]
[ 0.730167    0.8476762  -1.29468415  1.32943967  0.24553639 -1.02754353
  3.81949258]
[ 0.44714267  0.69162901 -0.60964527  1.2642475   0.09462653 -1.10280074
  3.37830677]
[ 0.42883223  0.5398102  -0.44865897  1.39690498  0.03628628 -1.11724882
  3.24402295]
[ 2.54115902 -1.38801218  2.46551591 -1.62809086 -3.09999977 -0.70877883
 -5.37838386]
[ 0.08367392  1.28018952  0.09092987 -0.68571204  0.60654856  0.24317962
  2.39547552]
[-0.62363018  1.35753579 -0.94025668 -1.37143493  2.79384133 -0.49499786
 -4.84320148]
[ 0.49479397  0.24260311 -0.43126356  1.74396331 -0.03235582 -1.18440368
  3.15859032]
[ 0.52986984  0.31537679 -0.57107134  1.81826585 -0.04729887 -1.32235712
  3.27156437]
[-0.16693529  1.41786953 -0.39182738 -1.18924607 -3.09999998 -0.47988972
 -5.90467983]
[ 0.22802819  0.64809458 -0.87118824  0.59049282 -0.21727924 -0.50254357
  4.0237477 ]
[ 0.59877973  0.88179955 -1.16611692  1.04671185  0.28951626 -0.86704546
  3.71483828]
[ 0.05172351  0.5104101  -0.02993236  0.79203427 -0.24782987 -0.5357106
  3.33492839]
[ 0.58276663  0.69556487 -1.04415059  1.22723331  0.09268579 -0.97664913
  3.70576706]
[-0.03366266  0.58628024  0.13884363  0.67286965 -0.32685692 -0.48394301
  3.30664801]
[ 0.51673108  0.81349572 -0.97094976  1.15948471  0.1833764  -1.01684087
  3.65108228]
[ 0.40181707  0.32830161 -0.32055896  1.69347021 -0.01411175 -1.22267513
  3.13608113]
[-0.63283095  1.20787511  2.21453811  1.27518426  2.98183585  0.47097327
 -1.77937871]
[ 0.42936186  0.84246845 -1.2860806   0.96626793  0.13672694 -0.84394614
 -2.25269238]
[ 0.49015234  0.39757921 -0.54444601  1.49797342 -0.02502067 -1.07980802
  3.2952734 ]
[-3.1        -0.71968291  3.09032922  0.59619255  2.89660414  0.55293125
  0.21849225]
[ 2.26678414 -1.09236402 -1.36263132  1.69026933 -0.44675341 -0.88031242
  2.0289327 ]
[ 2.48300206 -1.17703712 -1.33123109  1.42976942 -0.51026426 -0.74694845
  1.93640716]
[ 2.55757516 -0.86319347  1.45470764 -1.18304631  2.7104697  -0.70495644
  2.34179403]
[ 0.46845859  0.81439116  1.50533374 -0.89825016 -3.1        -0.71889538
  4.40704871]
[ 2.91324641 -1.38556115  2.68539258 -1.02214591 -3.0687062  -0.31564344
 -5.83578252]
[-0.3674302   0.63860769  0.83035125  1.00228765  2.78425445  0.69110075
 -0.30792635]
[-0.42975546  1.2675623  -0.7257484  -1.02758018  3.09999988 -0.30707488
 -5.33734851]
[ 2.74356895 -1.3777329   2.2187583  -0.96912838  2.31718112 -0.29568173
 -4.50409206]
[ 0.35818276  0.22842059 -0.24403881  1.82136888 -0.03195157 -1.25702814
  3.09170596]
[ 0.49732163  0.57884347 -0.63952644  1.42556321  0.05020259 -1.15513896
  3.38146802]
[ 0.65203232  0.23840335 -0.69154767  1.75544977 -0.06832541 -1.17799192
  3.27915431]
[ 3.1        -0.67543924  0.03099435 -0.91438705  2.89562073 -0.82571135
 -2.98711104]
[ 0.43393562  1.4574756  -2.56859793  1.55253387  0.26777407 -0.90457939
 -0.9346201 ]
[-0.10180653  1.46449457 -0.18938305 -1.17827269 -2.91470436 -0.4651881
 -6.28      ]
[ 2.39057252 -1.36506454 -1.03793787  1.61053675 -0.37559741 -0.65919875
  1.55880883]
[ 2.76962069 -0.4519057  -2.64148332  1.48323707 -0.27312427 -1.08961773
  3.04372745]
[-0.13124388  1.62252487 -0.13027103 -1.59434759 -2.92156502 -0.72693945
 -6.28      ]
[ 0.6459416   0.77658522 -1.2031604   1.27429145  0.16103525 -1.01022528
  3.80420588]
[ 2.7797203  -0.35240227 -2.65661152  1.53678134 -0.22810241 -1.05903571
 -3.22733968]
[ 3.03647057 -1.5156532  -0.11820378  0.94475796  0.69484597 -0.22892255
 -0.53082396]
[ 0.40380371  0.53829595 -0.48626152  1.34324617  0.00536657 -1.06677567
  3.31081409]
[ 0.5293537   0.80325381 -0.98909827  1.14762989  0.18070037 -0.99030835
  3.65736308]
[ 1.11499293 -0.23985546 -0.9221453   1.61250833  0.75255238  0.25393342
 -0.51149255]
[-0.59470974  1.14720346 -1.02996846 -1.10197938  2.83523698 -0.37970365
  1.59026537]
[-0.24102006  1.2216297  -0.55901219 -0.8289029   0.12534949  0.25735758
 -2.60725231]
[ 0.30382409  0.25108708 -0.17138515  1.81365815 -0.02797439 -1.27350561
  3.06896072]
[ 2.48007544 -0.99759494 -1.61713756  1.42856257 -0.49862074 -0.88469041
  2.23757384]
[-0.24222069  0.12662223  0.15633751  1.52855377 -0.29279514 -0.90468157
  3.36229176]
[ 3.09974296 -1.32728492  0.06153851  0.85627557 -2.52430932  0.37812484
 -3.76090533]
[ 3.09862244 -1.67569784  0.00582753  1.42156559 -2.77484035  0.55024803
  2.83970638]
[ 0.47787217  0.28107454 -0.43548682  1.7494703  -0.03198189 -1.22735591
  3.1810644 ]
[ 0.44199972  0.64940156 -0.58339402  1.29446918  0.0700224  -1.10102381
  3.36273613]
[-0.68067968  0.92557069  1.79237909  1.24264224 -0.29877518 -0.60004186
  1.98524064]
[-3.1        -1.14576467 -2.92836492 -0.40137879  1.22894952  0.20962203
  1.67383048]
[-0.20836412  1.07817334 -1.18247844 -0.52150524  2.12695801 -0.21244296
 -4.04254484]
[ 2.26801364 -1.15915422 -1.28905628  1.72074865 -0.43303001 -0.85918062
  1.92310958]
[ 0.78983851  0.20682636 -0.8839923   1.86671771 -0.10173288 -1.24999777
  3.33272487]
[ 2.41723213 -0.19003731 -2.34368347  1.76077547 -0.2285566  -1.10491738
  3.08894257]
[ 3.0792635  -1.53870282 -0.19240182  1.12738082  0.18457786 -0.34696381
  6.28      ]
[-0.02009778  0.62151026  0.20971123  0.65621629 -0.28585357 -0.48683728
  3.18833185]
[ 2.34133368 -0.54116127 -2.07572492  1.60601557 -0.38527994 -1.06946795
  2.83457459]
[-0.02412022  1.54832145 -3.09999926  0.93147933 -2.2513673   0.25822464
  2.24204409]
[ 2.24340733 -1.27785583 -1.02383334  1.7775921  -0.24439021 -0.75629115
  1.5759762 ]
[ 0.75220137  0.05699464 -0.57773299  1.68093373 -0.77796739 -0.592974
  0.02731723]
[ 0.33333762  0.79289768  1.80235651 -0.70028079 -3.09986647 -0.62185538
 -2.08384002]
[-2.87843554 -0.96918687  1.68479485  0.63441486  0.30511048 -0.64473154
  4.15660908]
[-3.01420603 -1.3724817   0.21032496  0.9372265   0.45725722 -0.4133855
 -0.70490955]
[ 2.93904464 -1.44392235  2.71723569 -0.86647905 -3.05154077 -0.11869733
 -5.91455591]
[ 2.65232411 -0.51906392 -2.5270779   1.51197561 -0.34505057 -1.1422204
  3.01971361]
[ 0.42608796  0.70943284 -0.55326481  1.22439132  0.10037082 -1.08903166
  3.33425428]
[ 2.42435678 -0.88440635 -1.64785477  1.51715224 -0.40682954 -0.94043773
  2.27694452]
[ 0.51329573  0.5129347  -0.65923876  1.47968404  0.01355669 -1.15142893
  3.39220047]
[ 0.141934    0.60442323 -0.18214889  1.27239385 -0.0965062  -1.10203914
  3.25109501]
[-0.14111839  0.47206623 -3.03126892 -1.28249931 -0.26403012  0.98768712
 -6.15318549]
[-0.11286288  1.08160141 -0.64949845 -0.41194437  3.09998584 -0.01974317
  0.72297138]
[ 0.46234274  0.30898714 -0.39191602  1.6098955  -0.01107268 -1.11458761
  3.15355202]
[ 0.59053939  0.34603225 -0.69011984  1.5736976  -0.05035864 -1.09437942
  3.35349843]
[ 0.42480809  0.52866386 -0.42521985  1.47984213  0.03434987 -1.19156974
  3.22617281]
[ 0.41348255  0.89683116  1.94261875 -0.93351713 -3.09995966 -1.77491596
 -0.01438887]
[ 1.04543759  0.30852717 -1.31092015  1.86537742 -0.10710133 -1.25837885
  3.54996998]
[ 0.60116252  0.65972318 -1.08491335  1.32053321  0.0521416  -1.03993258
  3.7500673 ]
[ 2.9403489  -1.37443408 -0.22765206  1.05403014 -2.74601371  0.41233557
 -3.18492008]
[-0.00974348  0.43599015  3.1        -0.94276058  2.8419927  -0.62926232
 -2.86293428]
[-0.39967538  0.42792618 -2.50298228 -1.35337737 -0.24292004  0.90963582
  6.10331923]
[ 3.06787377 -0.73288396 -3.00080807  1.03834926 -0.2384685  -0.98650872
 -3.11113795]
[ 1.95967716 -0.35445941 -1.72652828  1.79725646 -0.27716163 -1.0506739
  2.85747113]
[-2.80773232 -1.5854273  -2.68099246 -1.4292409  -2.75254904 -0.69610295
  5.40371962]
[ 2.5332849  -0.98149547 -1.68008535  1.36552781 -0.50295213 -0.88152983
  2.28383751]
[-0.62493124  1.19209109  2.16263844  1.23066273  2.90701296  0.45075227
 -1.66963278]
[ 0.46487059  0.51560817 -0.56454222  1.42173618  0.01323105 -1.11003435
  3.33632131]
[ 2.25239329 -1.12633211 -1.302831    1.73878118 -0.41629894 -0.88181986
  1.94648934]
[-3.1        -0.5593703   3.01034002  0.7605792   2.85752927  0.5734594
 -5.95591558]
[ 2.99801384 -0.45857368 -2.92725604  1.4405483  -0.20825087 -1.10497079
  3.12040626]
[ 2.62524872 -0.88098465  1.02529462 -1.13186823 -0.58009454  0.88331497
  5.91419871]
[ 0.43554466  0.21620818 -0.32875042  1.77211762 -0.02641747 -1.19162412
  3.10639292]
[-0.40883638  1.09532117 -1.4179309  -0.79312582  2.30751599 -0.40825336
 -3.93924861]
[ 1.16513254  0.51165692 -1.78124038  1.55421576 -0.74916929 -1.10380586
  0.55352422]
[-0.36979855  0.74118364  1.10656606  0.60490393  2.43499239  0.33039983
 -0.20272106]
[-3.09999761 -1.64741708 -3.0132667  -1.0668444  -2.33330383 -0.30901474
  5.37119497]
[ 0.38270885  0.38533081 -0.30388047  1.63906158 -0.00394396 -1.22460909
  3.13850018]
[ 0.47708714  0.29538131 -0.41252613  1.59784566 -0.01604749 -1.08839564
  3.16123205]
[ 0.6196862   0.31142784 -0.69283447  1.68621964 -0.04979808 -1.17285387
  3.3207403 ]
[ 2.95409686 -1.62737885  2.76667914 -1.15716505  3.1        -0.24585145
 -5.88122946]
[-0.19892646  1.04486842 -1.23125663 -0.47464269 -1.06726359  0.19547069
  5.4893498 ]
[ 2.5774022  -0.68696878 -1.88614783  1.19537212 -0.31709471 -0.73259681
 -3.78521713]
[ 2.8305336  -1.48674991  2.66628012 -1.08574849  0.08667887  0.25124968
 -2.66781914]
[ 0.0342461   0.68961879  0.17481447  0.55839032 -0.25531947 -0.45754599
  3.15898676]
[ 2.82329615 -0.94675023  1.88877121 -0.52727301  2.41571735 -0.1352326
  2.13962342]
[ 2.87844088 -1.23134677  2.50619007 -0.70520236  3.1        -0.11101573
  0.77339425]
[ 0.36639671  0.63329801 -0.38776175  1.2244535   0.04721498 -1.04471274
  3.22905807]
[-1.6331203  -0.48245428  1.93529966  1.03025499 -1.12709304  0.90015786
  4.68468441]
[ 0.4835425   0.83277691  1.68685817 -0.94618632  0.11555692  0.76912137
 -5.2552024 ]
[ 0.38135939  0.17393255 -0.23902732  1.82275101 -0.02357613 -1.20360858
  3.06253233]
[-0.44278316  1.29964681  2.47668783  1.19360884 -3.1         0.44065838
  3.96046868]
[ 2.98202325 -1.50347221 -0.16201287  1.04728964 -2.62291042  0.31209406
 -3.41487246]
[ 2.26617284 -1.1423271  -1.25945227  1.69734352 -0.39847613 -0.83018279
  1.90180332]
[ 2.91894152 -0.57790962 -2.78011867  1.08016274  2.83047475  0.84331548
  6.28      ]
[ 0.79462459  0.49608226 -1.19668199  1.75485732 -0.0354364  -1.31007509
  3.7012779 ]
[ 0.76839281  0.33857252 -0.96683795  1.83879584 -0.06883074 -1.31676467
  3.4602956 ]
[ 3.04937497 -1.60448551  3.1        -1.55352509  0.28309929  0.729776
  3.01069021]
[ 0.86966151  0.4263483  -1.21970163  1.79227441 -0.06400807 -1.28885951
  3.64623254]
[ 0.74128617  0.56951807  1.83730373 -1.46493163  3.09553537 -1.07562592
 -2.4038924 ]
[-0.18509369  1.35176394 -0.26756598 -0.97819282 -2.77231455 -0.35243994
  6.28      ]
[ 0.38183251  0.28964392 -0.31529969  1.80696484 -0.03682366 -1.30158185
  3.14485939]
[ 0.4750263   0.16467397 -0.4455708   1.9593766  -0.08152798 -1.33192055
  3.17308961]
[ 0.70682485  0.37527241 -0.90022739  1.67594003 -0.0513274  -1.19290486
  3.46215996]
[-2.39483765 -0.69302593 -1.53126887 -1.32496518 -0.01031894  0.95719221
  0.97373167]
[ 2.88152353 -1.6565296  -0.41443246  1.08499312  3.1         0.11931863
 -2.67353682]
[-3.02498971 -0.34193369  3.0011745   1.306163    2.97073046  0.88014982
 -6.14202331]
[ 2.86912792 -1.21458877  2.4718169  -0.86015386  3.1        -0.274414
  0.81283391]
[ 0.68490379  0.97312774 -1.73858912  1.25259439  0.2162088  -0.89758234
 -1.97650103]
[ 2.40127557 -1.29299053 -1.17301401  1.56011708 -0.47181504 -0.7062979
  1.757194  ]
[-0.30784332  1.55089629 -0.59417031 -1.00312598  2.46994333 -0.14756388
 -5.00874339]
[ 0.23114755  0.75551453 -0.18508325  0.94045866  0.00398221 -0.90416081
  3.14740668]
[ 3.1        -1.23358063 -0.33521013  0.66428158  0.16379051 -0.17477793
  0.15523634]
[ 3.09998718 -0.4228893   0.13769096 -1.40754334 -0.15583593  1.04141214
 -0.03403436]
[ 0.03014074  0.63860464  0.10143649  0.54443157 -0.30231477 -0.40510331
  3.28511603]
[ 0.58340242  0.20770207 -0.60016965  1.88677425 -0.07807683 -1.29134611
  3.23715341]
[ 2.57544671 -0.46616338 -2.37773297  1.53263909 -0.31185885 -1.07486317
  2.94891678]
[-3.07614954 -1.52075558  3.05462663 -1.36283396 -3.05715788 -0.62355975
  6.21938432]
[ 0.50193384  0.59113066 -0.63688811  1.43277319  0.06152634 -1.17110239
  3.37399432]
[-3.1        -0.71354011 -0.11644769 -1.04482101 -0.15729025  0.99615785
  0.16046714]
[ 0.44981545  0.29002641 -0.36286813  1.6516987  -0.01191378 -1.13992361
  3.13366681]
[ 0.48349701  0.51709009 -0.54128169  1.4889155   0.03489881 -1.17458856
  3.29382851]
[ 0.80830606  1.12495592  1.17740982 -1.40917471  0.26210623  0.87722971
 -4.95070172]
[ 2.40278504 -0.50651053 -2.00524967  1.61858125 -0.26647305 -1.05348481
  2.69359354]
[ 0.97531855  0.24579245 -1.18161203  1.93756368 -0.12375489 -1.31908885
  3.45906293]
[ 3.06951222 -0.49622203 -3.1         1.38638483 -0.2152844  -1.11444006
  3.23634618]
[ 0.4427242   0.71385225 -0.6026748   1.23916053  0.1069151  -1.09830588
  3.37029975]
[ 0.10835268  1.49153289 -2.99405874  1.17678603  0.35577292 -0.51439691
  5.76613625]
[ 2.30678739 -0.40286021 -1.97459243  1.66066922 -0.23305215 -1.03110364
  2.77290502]
[ 0.09293259  0.82775311  2.43399201 -0.39058283 -0.08778628  0.48072865
  0.70621698]
[ 0.45400835  0.47678819 -0.46519102  1.55642167  0.01951451 -1.21487069
  3.24277863]
[ 0.39548413  0.4524158  -0.34868464  1.40435829  0.00968416 -1.05171895
  3.17294924]
[ 0.17999348  0.29351378  3.04002835 -1.43363947 -0.09248258  0.9434158
 -6.27999998]
[ 0.50906101  0.21241253 -0.42549088  1.70910552 -0.0303795  -1.12011893
  3.13788271]
[-0.3103399   1.61330973  2.58973151  1.37621177 -0.18353738 -0.43725876
  0.72358112]
[ 0.45933151  0.83167744 -0.93574396  1.08122672  0.17548265 -0.9825917
  3.6529076 ]
[ 0.70426305  0.41269645 -0.93369154  1.64089369 -0.04106105 -1.18319262
  3.50391199]
[ 0.55267268  0.76272174 -1.01568157  1.2762243   0.14093392 -1.07909876
  3.69567009]
[-3.09999698 -1.56930428 -0.02644533  1.11589546  0.31934045 -0.3434467
  5.95741821]
[ 0.58239388  0.38190582 -0.68739177  1.7712278  -0.02946072 -1.32152683
  3.35124944]
[ 2.92813509 -1.21042091  2.75601992 -0.75014287 -2.64241738 -0.23874336
 -6.28      ]
[ 0.01615646  0.79014984  0.28302948  0.33112771 -0.44334044 -0.33029821
  3.2534022 ]
[-0.12943642  0.74879364  0.44186518  0.36683439  2.41885442  0.32911015
  0.32434061]
[ 2.02332894 -0.32779434 -1.83673559  1.83742134 -0.28026244 -1.11937968
  2.9012558 ]
[-0.75229801  0.92416853 -1.37043291 -1.50049368  2.86766653 -0.81102373
 -4.29648984]
[ 3.1        -0.38251723  0.06360999 -1.14297567  2.90921127 -0.75525501
 -3.01327822]
[ 0.5202772   0.39269738 -0.56556864  1.69109232 -0.01330657 -1.26250314
  3.28440835]
[-0.20927709  1.15427085  2.71985615  0.68165105  0.5373773  -0.22111588
 -6.28      ]
[ 2.25561597 -0.52944168 -1.94048126  1.64310525 -0.35873644 -1.04000944
  2.77149196]
[-0.56467566  0.76206706  1.17481057  1.06664732 -0.50620973 -0.67952481
 -3.57573912]
[-0.15582979  1.29259888 -0.25271052 -0.93057861 -2.78385941 -0.3720849
  6.26807788]
[ 0.39701017  0.44336246 -0.32834373  1.48189885  0.01528751 -1.12075548
  3.14992178]
[ 0.5817876   0.50798514 -0.75295177  1.60085812  0.02319695 -1.24648699
  3.42976898]
[ 3.09732627 -1.48366789  3.09999942 -1.30007502 -2.8608741  -0.60281695
  6.101096  ]
[ 2.45722081 -0.813682   -1.79283972  1.53199063 -0.39438333 -1.01360915
  2.39637901]
[-2.60170307 -0.70344054 -1.16286348 -1.18680694 -3.09863433 -0.95475337
  3.87892414]
[ 0.35691527  0.18659808 -0.27571854  1.93022057 -0.05947533 -1.32672112
  3.11763424]
[ 3.1        -0.24598048 -3.0478351   1.60083245 -0.15481157 -1.06526182
  3.15252352]
[ 0.99446267  0.56305183 -1.48969594  1.77733913 -0.01324809 -1.2524808
  3.84349475]
[ 0.5211072   0.39626985 -0.5524078   1.64950971 -0.00525154 -1.223655
  3.27038111]
[-0.37532705  0.92047374 -1.71183425 -0.59601254  2.23438786 -0.33187072
 -3.51360237]
[-0.25258957  0.81362897 -2.14637156 -0.65222583  2.59314421 -0.47598957
  2.77775602]
[ 0.09725829  1.5889081   0.19045552 -1.10721209 -2.52993887 -0.39168689
  5.49038409]
[ 0.50350929  0.5089174  -0.58871593  1.50065321  0.02868551 -1.17322768
  3.32591066]
[ 3.07774164 -0.53801077 -3.09989681  1.32216162 -0.21321849 -1.09103826
  3.23334547]
[ 2.48012421 -1.24278915 -1.31214295  1.44992893 -0.56538356 -0.74313929
  1.92313484]
[ 2.91989578 -1.4469507  -0.42333582  1.30033915 -3.1         0.54170154
  3.57598559]
[-0.7616089   0.16479552  1.26284918  1.35573091  1.01229755 -0.84761832
  3.14502878]
[-0.23147749  0.7107016  -2.58660444 -0.68746688 -0.49446407  0.55038544
 -6.26770521]
[ 2.62480723 -0.41985972 -2.31756805  1.51742618 -0.21377723 -1.01559519
  2.83942835]
[ 2.76746753 -0.50469971 -2.48999779  1.41812701 -0.24505525 -1.03187978
  2.8894628 ]
[-0.18067296  1.13197474 -0.78984458 -0.55201179  2.530104   -0.10564192
  1.45059068]
[ 2.24829557 -1.15572564 -1.22608524  1.72184799 -0.37774278 -0.82441948
  1.86562649]
[ 0.52327731  0.16309201 -0.45781721  1.85162106 -0.05667949 -1.21741883
  3.14856436]
[ 0.99031888  0.43934575 -1.36977113  1.6986726  -0.06460478 -1.15324833
  3.70292904]
[ 0.45686065  0.48302594 -0.56409125  0.99178874 -2.27698607  0.28566338
  1.4596977 ]
[ 0.04397214  0.68371467  0.15797102  0.57270245 -0.23709886 -0.46652512
  3.15164586]
[ 2.7265452  -0.57131587 -2.5194663   1.20743767 -0.3704032  -0.89336861
  3.04129622]
[-2.83207691 -1.0519466   0.92655859  0.81593328  0.29271159 -0.62345165
 -1.37161807]
[ 0.3239374   0.80099376 -0.84310126  1.02634465  0.07241013 -0.9797549
 -2.57905928]
[ 0.36186356  0.17663169 -0.25371069  1.89419736 -0.04568966 -1.27955397
  3.09331677]
[-0.43288636  0.60262535 -2.20554601 -1.12951175 -0.30026727  0.7467146
 -0.41315922]
[ 3.1        -0.22605586 -2.64162151  1.46205642 -2.35003079  0.79204861
  1.11602994]
[ 0.53721448  0.48126794 -0.64267187  1.5600935   0.0166743  -1.20027939
  3.35288303]
[ 3.1        -0.44569965 -2.99565861  1.16432393 -0.18392699 -0.82273187
  3.14531401]
[ 0.54290727  0.39458531 -0.60899942  1.59262526 -0.01586624 -1.16115024
  3.31062722]
[-0.06028228  0.35958768  0.14474412  1.37064043  2.97254862  0.94372226
  6.27999998]
[ 0.41163674  0.55971309 -0.45579624  1.33446596  0.03113768 -1.0759483
  3.26632207]
[-2.83188973 -1.07100575 -2.31430677 -0.79507986  0.29998155  0.57377183
  1.85705567]
[-2.42519811 -0.59415559 -1.31842001 -1.35054577  3.1        -0.98223296
 -2.3627027 ]
[ 5.67041022e-03  1.66796554e+00 -3.10000000e+00  1.45999361e+00
  3.26241784e-01 -6.00816237e-01  5.96739476e+00]
[ 0.45858898  0.32425925 -0.39294457  1.58778009 -0.00882093 -1.10707735
  3.15891127]
[-0.46120958  1.37528094  2.51670127  1.35627203 -3.1         0.53305734
  3.91499162]
[-0.06757505  0.17515971  0.38272328  1.92366243  0.02043623 -1.29988057
  2.85779057]
[ 2.95157589 -1.54850861 -0.418852    1.06859801 -0.09967701 -0.23084974
 -5.77122871]
[ 0.29333529  0.70407434 -0.29595344  1.06615783  0.03250495 -0.96926542
  3.19766485]
[-0.54492107  0.47826356 -2.19537767 -1.26560134  2.88299182 -0.77766647
  2.79963121]
[ 2.66258169 -0.72196478 -2.1108      1.35581957 -0.34280617 -0.99600413
  2.59552066]
[-0.04284519  1.60833249 -0.21743025 -1.39066688 -3.09999965 -0.54127335
 -6.15534121]
[ 0.52236419  0.90457354 -1.03262659  0.98093655  0.294247   -0.88468002
  3.62789627]
[ 2.40598298 -1.2331047  -1.307984    1.52631641 -0.54620806 -0.76198107
  1.93655926]
[ 2.28315054 -1.12997154 -1.34244774  1.69804825 -0.45400592 -0.87888441
  1.98348999]
[ 2.72314915 -0.43399416 -2.52949473  1.51325087 -0.2495167  -1.07584263
  2.96671215]
[ 0.8232521   1.09700423 -2.00186224  1.48123892  0.19624182 -0.9384922
 -1.74580069]
[-3.1        -0.63124431  2.91471159  0.79357774  2.8954418   0.68873682
 -5.90729132]
[-2.66098791 -1.42026598 -2.49283899 -1.56248208  0.26400459  0.93930182
 -4.1698116 ]
[ 0.55575085  0.20900686 -0.82377258  1.25761141 -1.03527575 -0.40131675
  4.80977665]
[-0.69872901  1.14270536 -0.91409003 -1.32366513  3.1        -0.50906118
  1.32891939]
[-0.12119065  0.68117417 -2.90423713 -1.17930158 -0.24482731  1.05766531
 -0.044324  ]
[ 2.99993124 -0.08670657 -3.09999983  1.80236341 -0.25022763 -1.13563097
  3.30658621]
[ 0.5250119   0.49330011 -0.63662371  1.52175993  0.01771139 -1.17493398
  3.35743206]
[ 0.41721612  0.34086283 -0.35929649  1.38561126 -0.02018152 -0.92541427
  3.16904526]
[ 2.55063238 -0.90988209 -1.83038115  1.24351581 -0.53474759 -0.83372736
  2.49644588]
[ 0.38646669  0.65910412 -0.45449853  1.21991661  0.0613453  -1.05658463
  3.27628901]
[ 0.55840951  0.79688624 -1.01051406  1.14815256  0.18998774 -0.97045039
  3.65122206]
[ 2.5867236  -0.60985785 -2.09599787  1.26468973  2.81468358  0.82606509
  5.84478796]
[ 2.62978808 -0.5223509  -2.47420727  1.45110835 -0.35492765 -1.07018069
  3.01076889]
[ 0.20251035  0.26220947  0.51863017  1.02265366 -0.98904031  0.86146031
  2.04544626]
[ 0.45378141  0.77995633 -0.92642732  1.0435777   0.12983625 -0.91551629
  3.66084733]
[ 0.18572264  0.75624841  2.69423092 -1.02459451  3.1        -1.0039258
 -2.81660745]
[ 0.05505959  1.24142882 -3.01792433  0.62524919  0.75080457 -0.24900548
  5.38314405]
[-2.24874563 -1.4350563   1.28227208  1.23182061  1.4765067  -1.3156925
  1.29544864]
[-3.02766309 -0.39809831  3.02076421  1.3938569   3.0018963   1.01917654
 -6.19122618]
[-0.22630434  0.92749921  1.37034288  0.34643429  1.85915312  0.24753403
  6.28      ]
[ 0.07093658  0.65780057  3.02988703 -0.6073455  -0.24471736  0.50490901
 -6.0200686 ]
[ 0.2867365   0.76534357 -0.22175782  1.04183537  0.05054661 -1.00804395
  3.12067433]
[ 0.43319386  0.50730157 -0.42571855  1.4741202   0.0316717  -1.16490231
  3.21840992]
[ 2.92379408 -1.56283697  2.82625404 -1.17779535 -2.92506778 -0.32382453
 -6.12627338]
[ 0.41468071  0.49362833 -0.41258363  1.39572879  0.01717843 -1.07753554
  3.2215174 ]
[ 0.1669388   1.14206403  0.49630289 -0.74588725  0.4299981   0.48849799
 -4.13114787]
[-0.82130244  0.52273054 -1.92114263 -1.37217624  2.78554486 -0.7858443
  2.78829628]
[ 0.8437238   0.45208346 -1.1987697   1.8952456  -0.04550908 -1.41149421
  3.64743827]
[ 0.4186476   0.65275575 -0.52212978  1.26334855  0.06828466 -1.0828525
  3.31848165]
[-0.05333272  1.68836356 -3.1         1.44914101  0.418539   -0.57879885
 -0.35666317]
[-0.96656948  0.81752407  1.76430044  1.56068674 -0.28604574 -0.77243023
 -4.07732436]
[-3.09998022 -1.44758015 -0.03096357  1.14322591 -2.91433011  0.48641192
  2.92170923]
[ 1.95339782 -0.38316584 -1.70755551  1.80688309 -0.28971737 -1.05637349
  2.83237398]
[ 0.42895323  0.42882055 -0.40642124  1.45240713  0.0032206  -1.07240426
  3.20349069]
[ 2.51517245 -0.23439595 -2.4313789   1.67922185 -0.24154286 -1.06835279
  3.08691014]
[ 0.48145993  0.2094935  -0.47101581  1.92646486 -0.07493146 -1.34063967
  3.19859352]
[-2.70723575 -1.33294112  0.71807875  1.46553128  0.28174859 -0.95471734
 -1.09851021]
[ 0.57043023  0.53715209 -0.74975258  1.58386069  0.03641545 -1.25447072
  3.43737649]
[ 0.31107157  0.62754721 -0.68440293  0.96696132  3.0725254   0.80127974
 -5.79322078]
[ 0.63612142  0.2068858  -0.64847226  1.81742821 -0.07075847 -1.21515498
  3.24225009]
[ 2.41410006 -1.0500652   1.87623723 -1.33788812 -0.37440432  0.61524617
  5.07069491]
[ 2.4942396  -0.41418844 -2.20911413  1.59436037 -0.24519975 -1.0499667
  2.84369908]
[-0.2636527   1.60283748 -0.40470783 -1.3543555  -3.1        -0.43664846
  0.40317321]
[ 2.31109092 -0.24028016 -2.17852772  1.71039236 -0.23926842 -1.05394521
  3.02192943]
[-2.40275586 -1.03415445  1.24170614  1.54847901  0.17931233 -1.10590187
 -1.77915583]
[ 2.34274166 -0.92458576 -1.5574551   1.60902463 -0.41478804 -0.951227
  2.21794048]
[ 0.30955585  1.12650623 -2.229822    0.79729945  0.42012618 -0.57413969
 -1.46163316]
[ 3.05446006e-04  6.00914694e-01  3.10000000e+00 -1.02258788e+00
  2.92898880e+00 -8.62484178e-01  3.30947861e+00]
[ 2.98223696 -0.03201891 -3.09999991  1.5760359   2.82946293  0.87025966
  0.27737221]
[ 0.08113761  0.72109501 -0.16000444  0.59793503 -0.20070023 -0.55835381
  3.4021386 ]
[ 2.72115933 -0.26452593 -2.63216982  1.62453932 -0.21904939 -1.06806002
  3.09062158]
[ 2.83937437 -0.64329856  0.70169522 -1.10703252 -0.30549376  0.83646644
 -0.29740216]
[ 0.4932268   1.35599321 -2.37511865  1.43641552  0.30860627 -0.89031259
 -1.19906733]
[-2.99931947 -0.55995839  2.65543432  0.74917206  2.86194429  0.58854823
 -5.68436148]
[ 2.71718536 -0.74122724  1.22817085 -0.82355181  2.69129722 -0.46379654
 -3.6981811 ]
[-0.28605232  1.49807971 -0.70016654 -1.03478253 -0.65602075  0.2664409
  4.46889107]
[-2.78604394 -1.57764425  0.52128739  1.47648372  0.39982637 -0.75866321
 -0.93374792]
[ 0.49090949  0.8479306  -0.94691261  1.09877826  0.20755043 -0.99460237
  3.62975954]
[ 0.39405821  0.43323234 -0.31876372  1.46855195  0.01360066 -1.09830587
  3.14235563]
[ 3.1        -0.53801339 -3.07247322  1.24224625 -0.19782846 -1.00366414
  3.19793558]
[ 2.89009526e+00 -1.53207099e+00  2.69724235e+00 -1.36538857e+00
 -3.12291137e-03  5.16543722e-01  3.62425942e+00]
[ 0.73966977  0.73473696 -1.52353879  1.21546541  0.04130683 -0.85439302
  4.09481355]
[-2.51282731 -0.66933247 -1.04456544 -1.32583627  0.09094988  1.03960818
  0.53372836]
[-0.10790131  0.7736499   0.26408793  0.28334419  2.3616356   0.32090572
  0.54868257]
[ 0.20676138  0.25368094 -0.17474173  1.31489969  0.37036966 -0.22116702
 -0.57543393]
[ 2.60424528 -0.41741501 -2.29454805  1.52821578 -0.21494647 -1.01761774
  2.8340497 ]
[ 1.60019156e-01  1.49787159e-01  6.80479034e-02  1.88716560e+00
 -1.18137713e-04 -1.24599872e+00  2.96042562e+00]
[ 0.5241945   0.29450614 -0.55007746  1.82549961 -0.0509854  -1.3119409
  3.25326384]
[ 0.13342328  0.5051699  -0.22932105  0.82585104 -0.22586087 -0.5739771
  3.44599806]
[ 0.40089921  0.21336306 -0.29316324  1.81043602 -0.03204149 -1.22937348
  3.10155066]
[ 2.89203606 -1.43351408 -0.45246167  1.29337038 -3.1         0.53422593
  3.62074336]
[ 3.07613379 -0.55775209 -3.09941818  1.23131493 -0.22401144 -1.02185465
  3.25256819]
[-0.31415969  1.28327732  2.39345116  0.76727188 -0.62672432 -0.13090492
  1.46119095]
[ 2.27995244 -0.53535448 -1.97867783  1.60604114 -0.3750394  -1.02432255
  2.79994037]
[-0.55378851  1.4046444  -0.72363084 -1.54554876  3.0878997  -0.64334882
  0.96728375]
[-2.80080758 -0.89579689  1.53424829  0.70227034  0.18227287 -0.6181358
 -1.9277446 ]
[-0.13824208  0.69955301 -2.91275223 -1.12257779 -0.27031579  1.02425317
  6.2799998 ]
[-0.30025568  0.6436981   0.8647316   0.69326426 -0.45498097 -0.40587821
  2.89855831]
[ 0.56556134  0.31546538 -0.59373458  1.67702345 -0.03500301 -1.17483879
  3.26798429]
[ 0.39352705  0.47487343 -0.34396129  1.52751663  0.01699138 -1.19632894
  3.17100781]
[-0.11959978  0.44885317  0.21663296  1.0040773  -0.57020354 -0.19785153
  4.02371768]
[-2.72169335 -1.51241423  0.75652715  1.47317492  0.4777874  -0.86557853
 -1.21070042]
[-0.50240772  0.85451343 -1.83880892 -0.85294988 -0.65680486  0.50848068
 -0.4431919 ]
[ 0.27866682  0.3817714  -0.45978713  1.49142467 -0.15355848 -1.10846854
  3.42415646]
[ 2.99537552 -0.57351863 -2.7250716   0.9449762  -0.25364938 -0.69057694
 -3.26461498]
[-0.13697938  1.6402356  -0.14162525 -1.20864704  0.43085038  0.33835631
  2.91079938]
[ 0.57456302  0.79044913 -0.99946149  1.18054405  0.19305275 -0.99328744
  3.6310022 ]
[-2.64123233 -0.37160724 -0.70707978 -1.46229807 -0.11252409  1.03143441
 -5.94865831]
[-0.30135064  0.77476175 -2.53091691 -1.04124641  2.72855909 -0.91418066
 -3.3137578 ]
[ 0.36239449  0.73717605 -0.61920624  1.01156937  0.07052153 -0.91382077
 -2.83458721]
[ 0.35339425  0.46083346 -0.24599414  1.44513783  0.0179087  -1.10683986
  3.10348253]
[ 2.68839374 -1.2138382  -0.84848072  0.98375096 -0.19515353 -0.2951896
  1.22712665]
[ 0.84028128  0.26307165 -1.01563452  1.90352724 -0.10317089 -1.31937244
  3.42457591]
[-2.91720797 -0.70705621 -0.51566202 -0.63510121  3.07223495 -0.56098443
 -2.74069879]
[ 0.09262794  1.61843229 -3.09837351  1.52952158 -2.95600728  0.70945731
 -3.39145133]
[-0.33920887  1.30136492  2.49142764  1.04240074  3.09999999  0.34923005
 -2.33075143]
[ 3.1        -0.69147638 -2.96187751  0.84115743  2.89556697  0.74256814
 -6.26464465]
[-0.0637304   0.58396074  0.222037    0.6367659  -0.36789812 -0.43731645
  3.29016589]
[ 0.78880819  0.45039367 -1.09477142  1.76754615 -0.03125196 -1.30287866
  3.5947052 ]
[ 0.56598001  0.89996351 -1.16074402  1.04793761  0.28750792 -0.89475298
  3.73891464]
[ 2.48152701 -1.20312465 -1.36282453  1.41315482 -0.57651505 -0.74500496
  1.99927423]
[ 0.45665387  0.79270405  1.6424048  -0.90426573 -3.09952998 -0.73701377
 -2.00672022]
[ 2.5050253  -0.98990691 -1.68829361  1.40615643 -0.52005746 -0.90981718
  2.30087121]
[ 0.51101907  0.47683597 -0.58344582  1.53676229  0.01784065 -1.18089397
  3.31407698]
[ 2.92939243 -1.31115225  0.0428881   1.05652519  1.54011393 -1.47294709
 -2.97535999]
[-0.02017849  1.29744924 -3.09999994  0.78817708  0.615113   -0.3310534
 -0.62410307]
[ 2.52883899 -1.17539101  2.14978827 -1.20739931 -0.23708249  0.44742554
  4.62752462]
[ 0.43176626  0.8879582  -0.8943272   1.04191068  0.21352228 -1.00088335
  3.6134003 ]
[ 2.55736611 -0.8531972  -1.85015131  1.1446601  -0.52669984 -0.73661282
  2.56680155]
[ 0.44652638  0.57521735 -0.81589218  1.20214623  3.09999568  0.94622423
  0.48976629]
[-3.09999998 -1.54215213  3.05735488 -1.3511248   0.11980695  0.58933857
  3.06034248]
[-0.5542445   0.93989324  1.31822642  1.03313668  2.48637732  0.67930928
 -0.52384979]
[ 2.97653035 -1.16247614  2.74296561 -0.66185471 -2.66131434 -0.20832949
 -6.28      ]
[ 1.00594692  0.45584257 -1.39917625  1.83862422 -0.05422904 -1.2904643
  3.71391779]
[ 3.07185126 -1.32096275  3.09938323 -0.921675    0.47409898  0.40405709
  2.77506991]
[ 0.72488201  0.60879892 -1.07352375  1.44182717  0.07993259 -1.0794957
  3.63000116]
[ 0.43019294  0.35011686 -0.38347279  1.45722535 -0.01744968 -1.00424742
  3.18030858]
[ 1.00897613  0.43415843 -1.40041068  1.79763698 -0.07321268 -1.24417208
  3.71004733]
[-2.76438819 -0.73926408  2.24615247  1.15439965 -3.09999994  1.03824241
  0.59393736]
[ 0.64881154  0.43038883 -0.856941    1.61688033 -0.02925212 -1.18701972
  3.4755465 ]
[ 4.34061468e-01  5.03658415e-01 -5.17993172e-01  1.39493576e+00
 -2.41822932e-04 -1.08083902e+00  3.31775124e+00]
[-0.25646857  1.53934938 -0.33102047 -1.24080613 -2.91961684 -0.39513665
 -6.08180743]
[ 0.4348855   0.49680992 -0.43379628  1.52180028  0.02529961 -1.20249153
  3.22696069]
[ 2.92618004 -1.31436358 -0.37297909  0.77542946  0.56614656 -0.167379
  6.18326886]
[-0.0524844   0.83396293  0.56611971  0.20539727 -0.90741917 -0.24674988
  3.4821556 ]
[ 3.05296226 -0.52028347 -2.95794582  1.30132522 -0.19622803 -1.02880771
  3.11484903]
[ 2.39935294 -0.49229269 -1.98183801  1.32270514 -0.30773097 -0.75638123
 -3.50706035]
[ 3.08547037 -1.48734505 -3.1        -1.25826767 -2.73620547 -0.58758576
 -0.34740944]
[ 0.06467121  1.44361939  0.2015133  -0.81046939  0.91958689  0.29045212
  2.02030845]
[-0.3089704   1.56465035  2.86765093  1.61392723 -2.90868248  0.73369705
  3.37058747]
[ 2.27132791 -0.51222273 -1.94873955  1.61407342 -0.34299005 -1.01220848
  2.7780762 ]
[-0.57815499  0.57021613  1.06333374  0.99070872 -0.42777399 -0.53797869
  2.8652477 ]
[ 0.61151294  0.38784286 -0.74330872  1.63538683 -0.0326342  -1.18400722
  3.38763584]
[ 2.71562988 -0.7121427  -2.22551873  1.05755935 -0.42178059 -0.76251068
  2.80069226]
[-0.04960896  1.54555657  3.04249076  1.15634486  0.31760758 -0.39017858
  6.08248058]
[ 2.41416503 -1.21363725 -1.3160333   1.46290455 -0.56199784 -0.72069832
  1.98128285]
[-0.18405823  1.61276808 -0.42811786 -1.253924    2.99852443 -0.3616457
  0.53057595]
[ 3.1        -0.4452521  -3.07391049  1.46849596 -0.17763653 -1.13503401
  3.16954309]
[-0.38742399  1.27721274 -0.6337567  -1.14651692  0.06321435  0.44524952
 -2.39607745]
[-0.15516784  0.65570156 -2.84897602 -0.82087578 -0.3571069   0.6810312
 -6.19847796]
[ 0.44017626  0.60744208 -0.53020016  1.33266843  0.05663845 -1.10693624
  3.31362694]
[ 0.43279869  0.37376843 -0.42840382  1.4243249  -0.0282506  -0.99365825
  3.22912599]
[ 0.49024771  0.2374201  -0.41940035  1.74080026 -0.03102101 -1.17671842
  3.15033634]
[ 2.83487877 -0.41233772 -2.63059367  1.35746609  2.92456475  0.92850908
  6.14055801]
[ 0.59415578  0.2491861  -0.60094345  1.67321998 -0.05405813 -1.110779
  3.24543752]
[-2.3447465  -1.05168211  1.1543904   1.6302716  -2.99562123  1.12483934
 -4.85182958]
[ 0.53471397  0.30248782 -0.53368069  1.73760028 -0.03231013 -1.22833482
  3.23128524]
[-0.08954514  0.91735966  1.17491633  0.23557192  1.95291748  0.23721508
  0.02365787]
[ 1.00596784  0.57099052 -1.49999751  1.83374745 -0.00584732 -1.30334588
  3.84563053]
[ 2.48655797 -1.00858262 -1.62645462  1.42111044 -0.51415915 -0.88699212
  2.24675139]
[-0.31129625  1.36444291 -0.69116081 -1.09994853 -0.22297201  0.38188197
 -2.17577772]
[ 2.03454468 -0.39451937 -1.78578247  1.88617372 -0.28121819 -1.16382855
  2.79884886]
[ 0.44336349  1.02153398  1.85250438 -1.01004826 -2.79874725 -0.94842585
 -2.3527855 ]
[-2.7926907  -0.6870473  -0.96046769 -0.85433689  3.09999949 -0.72138838
 -2.41614761]
[ 2.80433653 -1.6102397   2.65375293 -1.19745581  3.09999956 -0.24076917
  0.57980644]
[ 0.48668169  0.29915777 -0.45576919  1.52069544 -0.03200477 -1.01432372
  3.20248008]
[ 2.81803416 -0.51890148 -2.73313062  1.38761245 -0.30450533 -1.07928155
  3.10567635]
[ 2.16687365 -0.50296113 -1.82479879  1.70855953 -0.31952814 -1.04244536
  2.7249994 ]
[ 2.65621195 -1.40554361 -0.62620271  1.30807891 -3.1         0.44626556
 -2.36495841]
[-0.09844966  1.48639833 -0.1598869  -1.10005902  0.31987158  0.37603819
  3.02229962]
[ 0.59680323  0.2917581  -0.64407331  1.6349694  -0.05333187 -1.1090019
  3.29311372]
[ 0.83132694  0.73713573 -1.63048504  1.36520817  0.02238503 -0.94137931
  4.14555178]
[ 0.59746609  0.46459166 -0.75425701  1.63971841  0.0040876  -1.24887536
  3.41531131]
[ 2.44630681 -0.4294436  -2.17818125  1.60329752 -0.27578961 -1.05491866
  2.85662315]
[ 0.68676473  0.3678668  -0.84791435  1.73601947 -0.04342078 -1.25210997
  3.42220635]
[ 2.90304995 -0.57758626 -2.828845    1.37689956 -0.28015747 -1.1419544
  3.10654538]
[ 3.1        -0.61803133 -3.04279436  0.94860619  2.90547354  0.78976017
 -6.19715069]
[ 0.4640589   0.29469207 -0.38849665  1.56599602 -0.01360666 -1.05721601
  3.14852641]
[ 0.41138798  0.72036996 -0.56932158  1.19079731  0.0948346  -1.06735834
  3.36174259]
[ 0.60568455  0.31844059 -0.69052723  1.58224845 -0.05709481 -1.07777877
  3.33864856]
[-0.53407267  0.9247929  -1.39671486 -0.97489338 -0.38191287  0.44713642
  5.17859249]
[ 3.1        -0.20787046 -3.07036897  1.62614103 -0.16627212 -1.05636606
  3.18046193]
[ 0.33621454  0.42351751 -0.22405249  1.57457175  0.00364337 -1.20175056
  3.0986634 ]
[-2.31022095 -0.89516805 -1.86625201 -1.5645662   0.06529396  1.10254247
  1.26720065]
[-0.47445328  0.54768073  0.91723153  1.08865317 -0.32041208 -0.66967267
 -3.4610021 ]
[-2.74677096 -0.52951293 -0.77804645 -1.24110012  3.03852042 -0.97427804
  3.65762869]
[-0.23163379  0.90297203  1.35400728  0.36870874  1.95514113  0.23786462
 -0.0748335 ]
[ 2.31561492 -0.98814884  1.69547692 -1.4274587  -0.48889977  0.72389349
 -0.91345539]
[-2.37444533 -0.55837182  1.83985357  1.535275    3.1         1.12859258
  0.708329  ]
[ 0.52976546  0.32916705 -0.57204262  1.79608892 -0.04116862 -1.31193519
  3.27491956]
[ 2.49951419 -0.17963478 -2.45176691  1.79231882 -0.22677317 -1.1450157
  3.11315712]
[ 0.02793768  0.58824369  0.01480912  0.60385053 -0.32121885 -0.42800457
  3.38793754]
[ 2.08247663 -0.59231974 -1.68171325  1.71958974 -0.35906152 -0.99943101
  2.63853936]
[ 0.50198021  0.51084475 -0.58107294  1.54028208  0.03081136 -1.21504939
  3.3204517 ]
[-3.09999999 -1.54194763  3.05806565 -1.4073815  -3.03012003 -0.64550849
  6.21199657]
[ 0.18318477  0.58468382 -0.63373975  0.6768694  -0.27609492 -0.54154511
  3.86230053]
[ 0.66648863  0.62599622 -1.1317194   1.30934036 -3.09999879  0.97882269
  0.6025984 ]
[ 0.23521281  0.65850199 -0.53453557  0.98065149 -0.07411879 -0.86176499
  3.5406546 ]
[ 1.00318202  0.37892618 -1.32861098  1.93130396 -0.08184899 -1.36224365
  3.6179699 ]
[ 0.48441048  0.23455423 -0.48667188  1.91240091 -0.07146258 -1.34967627
  3.21452148]