[0.         0.         0.         0.52359878 0.         1.04719755
 1.74532925]
[ 0.57490477  0.47598785 -0.15686426  0.76083297 -1.44131698  1.05997467
  2.53223608]
[ 0.7581405   0.38924356 -0.98315647  1.76330996 -0.04627668 -1.27479412
  3.49852304]
[ 3.1        -0.6360214  -0.03381097 -1.20885751 -0.21230091  1.08687554
  0.15126369]
[ 0.19732041  0.74440909 -0.49153672  1.0064353   3.1         0.97288557
  0.36179974]
[ 3.01330764 -0.49757961 -2.96054769  1.32840445 -0.22422915 -1.03832893
  3.15983151]
[ 0.69784105  0.45741871 -0.95686028  1.66799485 -0.02021665 -1.23961716
  3.53602638]
[ 0.32257374  0.77222074  2.17490671 -0.85931291 -3.1        -0.78937779
  3.83829964]
[ 0.04703236  1.56365798  0.15124228 -1.21511527 -2.6580717  -0.50363015
  5.69542579]
[-0.10235566  0.11789823  0.57985115  1.50433199  0.18141674 -0.84451505
  2.6251403 ]
[ 0.44138943  1.44920658  0.72072775 -1.52177396 -2.77410086 -0.92378589
  5.15950337]
[ 0.22772517  0.37482441 -0.0547098   1.68062065 -0.01549162 -1.26502777
  3.02201687]
[ 3.04727855 -0.50873469 -3.1         1.39253281 -0.23074294 -1.13688474
  3.25477892]
[ 3.05094519 -0.59766021 -3.1         1.29594173 -0.23279032 -1.12882074
  3.25388261]
[ 2.56224186 -1.24663247  2.2868261  -1.2988167  -0.10439595  0.4999854
  4.34558851]
[-0.18852286  0.8558832   0.95571332  0.25850537  1.88431629  0.26171509
  0.38031676]
[-0.20435576  0.04494393 -3.00797258 -1.4499888  -0.3081312   0.74807545
 -6.01964567]
[ 0.81102848  0.43944635 -1.11931327  1.80641464 -0.03820293 -1.32840011
  3.59709874]
[ 2.84205534 -0.5845875  -2.77166251  1.39186889 -0.31332863 -1.15191496
  3.10343013]
[ 2.31484617 -0.52380609 -2.05052069  1.65388897 -0.36985801 -1.09464847
  2.82101902]
[ 0.38414833  0.63219275 -0.88469578  1.14696805 -0.05032849 -0.96009966
  3.75744464]
[-0.59427749  1.4427472  -1.02713652 -1.35769289  2.53529479 -0.50728902
 -4.62666062]
[ 0.39807898  1.51552121  0.69796723 -1.46323767  0.4564114   0.84161033
 -4.28271885]
[ 2.66960321 -0.8406528  -1.98395638  1.00359168 -0.53410035 -0.69620219
 -3.62205112]
[ 0.37979035  0.68224767  2.52089213 -1.13937914 -3.1        -0.99018414
  3.45445588]
[-0.23106334  1.18969382  2.38742353  0.72556576 -0.31146714 -0.1946837
 -5.15262158]
[ 0.62990522  0.70792183 -1.06789509  1.29169703  0.12287679 -1.02255181
  3.68829266]
[ 2.44637608 -1.18650329 -1.4041889   1.42128615 -0.60330336 -0.75555699
  2.07751598]
[ 2.69395497 -0.99765242 -1.83815112  1.16030691 -0.54957    -0.85265551
  2.40210974]
[ 2.27527857 -0.54264513 -1.97534192  1.63337716 -0.37679989 -1.05049702
  2.78830972]
[ 3.09959592 -0.43133411 -0.01416804 -1.33786534  2.91884864 -1.00939423
 -2.99049211]
[ 2.07289478 -0.60794108 -1.6526269   1.71589808 -0.35933772 -0.98414264
  2.6156529 ]
[ 2.80893203 -0.45794807 -2.6035756   1.45805333 -0.23121386 -1.06012781
  2.96541371]
[-2.49286774 -1.19857743 -2.01299363 -1.41172493 -2.8264895  -0.95378219
 -1.66147408]
[ 3.0420834  -0.52290054 -3.1         1.29837478 -0.2449847  -1.06022553
  3.28154174]
[-0.43374051  0.14861017  0.91874386  1.59010004  0.12599312 -0.92305642
  2.62896679]
[-2.32977521 -0.86320193  1.62967566  1.5246921   0.19490323 -1.12659465
  4.02883563]
[ 2.60726991 -0.95494832 -1.74941688  1.27659279 -0.48845986 -0.86152346
  2.32451972]
[ 2.84076073 -0.77665214  0.72052376 -1.01463665  2.73332965 -0.85384007
 -3.41225638]
[ 2.70146689 -0.67496464 -2.3950972   1.07766881 -0.45403482 -0.81472942
  2.99639574]
[-0.48149615  0.99760471  1.40149967  1.01469028  2.50683099  0.67094274
 -0.68091542]
[-0.42268036  1.56394636  2.56592458  1.45226383  3.08967231  0.4947397
  3.85582404]
[-0.25517405  0.73093726  0.75154435  0.46742365  2.34060038  0.33379945
  0.17187555]
[ 3.84419168e-01  4.34064381e-01 -3.28734380e-01  1.61431325e+00
  2.13541373e-03 -1.24599133e+00  3.16402715e+00]
[ 3.05087153 -0.49476008 -3.1         1.31286946 -0.23868422 -1.04505765
  3.27537428]
[ 0.48087857  0.51066229 -0.5395572   1.4785866   0.03036394 -1.15939328
  3.29431325]
[-0.25825254  0.82589941 -2.28441603 -0.5078026  -0.76217581  0.41775818
  6.28      ]
[ 3.01431913 -0.64205445 -3.1         1.14130603 -0.89689401 -1.74888142
 -0.52503202]
[ 0.71979739  0.7527175  -1.17841901  1.30725617  0.18532852 -0.99994627
  3.71296413]
[ 0.86029788  0.36829494 -0.45960246  1.65742357  0.28128532 -1.20077744
  2.8379118 ]
[ 2.45141084 -0.45388477 -2.1956293   1.61985794 -0.29630082 -1.08946869
  2.85937567]
[ 0.89416133  0.43898436 -1.25493288  1.8578233  -0.05575507 -1.349717
  3.65944515]
[ 2.60729413 -0.84367006 -1.94352325  1.37639819 -0.423478   -0.99511876
  2.46823904]
[-0.11064083  0.34116107  0.74195381  1.76319951  0.10473225 -1.29672425
  2.51290175]
[-3.1        -0.50302916  2.97098336  1.15606479  2.92612197  0.91202175
  0.2567919 ]
[-0.23842613  1.65719453 -0.40739809 -1.25471696  3.1        -0.29701453
 -5.83603926]
[ 2.44370501 -0.67332214 -1.92338055  1.52965981 -0.34633043 -1.01497001
  2.5660996 ]
[ 0.11201249  0.23031896  0.61957665  1.12502005  0.41346171 -0.65736829
  2.18132889]
[ 0.73016001  0.84764934 -1.29463602  1.32944032  0.24552486 -1.02754679
  3.81944949]
[ 0.44714301  0.69162926 -0.60964658  1.26424749  0.09462599 -1.10280083
  3.37830691]
[-0.32858767  0.37727881  0.91958985  1.84873664  0.01983338 -1.34935544
  2.52412276]
[ 0.23452742  1.57943986  0.46294512 -1.37144058  0.49717387  0.69648395
  2.23120571]
[ 0.58276663  0.69556487 -1.04415059  1.22723331  0.09268579 -0.97664913
  3.70576706]
[ 0.51674131  0.81350768 -0.97097845  1.15948369  0.1833935  -1.01683887
  3.65109332]
[-0.25628428  0.23496518  0.72895554  1.8745703   0.06128419 -1.28833931
  2.67694387]
[ 2.74762212 -1.40860663  2.6428344  -1.27518781  0.15777657  0.47056692
 -2.62166753]
[ 0.63015766  0.726085   -1.06518694  1.19347931  0.15057846 -0.93487635
  3.66415162]
[ 2.82841833 -1.38854472 -0.54165464  0.96627032 -3.09985231  0.21462159
 -2.54257419]
[-2.85538027 -0.81300819 -0.95006965 -0.59619041  0.0879587   0.57183778
 -5.62139972]
[ 2.26678413 -1.09236397 -1.36263137  1.69026933 -0.4467534  -0.88031246
  2.02893278]
[ 2.48300206 -1.17703712 -1.33123109  1.42976942 -0.51026426 -0.74694845
  1.93640716]
[ 3.0693265  -1.54093648 -0.18823381  1.18304383  0.18562199 -0.39901667
 -6.27999998]
[ 0.61996315  0.82259167 -1.14686407  1.05634542  0.2424561  -0.84060327
  3.69824863]
[ 3.04664634 -1.42992676  2.94846757 -1.02213511 -2.84689214 -0.34761895
 -0.06918652]
[-2.77115321 -0.61212362  2.4281207   1.00228778  3.1         0.80122727
  0.45489696]
[ 0.24163371  0.53369654  2.56481676 -1.02758489  2.96930414 -0.80911884
 -2.64571274]
[-0.28528063  1.48451311 -0.60189487 -0.9691242  -0.51122519  0.17274004
  4.27303281]
[ 0.49732163  0.57884347 -0.63952644  1.42556321  0.05020259 -1.15513896
  3.38146802]
[ 0.14296067  1.45925905 -2.75436251  0.91438997  0.78764393 -0.41096452
 -1.17259324]
[-0.27088902  0.35217393  0.89432517  1.80122296  0.06380786 -1.30345389
  2.50196623]
[-0.14898092  0.43814942  0.2675964   1.17827352  2.91284581  0.818757
  6.28      ]
[ 2.39057429 -1.36506804 -1.03793391  1.61053643 -0.37559698 -0.65919586
  1.55880363]
[ 2.7696301  -0.45190702 -2.64149597  1.48323559 -0.27312231 -1.08962557
  3.04373159]
[ 0.64592992  0.77655992 -1.20311062  1.27429242  0.16101709 -1.01022748
  3.80417073]
[-2.33734612 -0.64899886 -1.35824658 -1.53677615 -3.1        -1.13123776
  3.87498843]
[ 2.89689916 -0.70200236 -2.70971367  0.94475998 -0.387056   -0.81455596
 -3.14903376]
[ 0.40380365  0.53829593 -0.48626154  1.34324618  0.00536633 -1.06677566
  3.31081414]
[ 0.52935282  0.80325261 -0.98909629  1.14763016  0.1806976  -0.99030841
  3.65736208]
[ 1.11499293 -0.23985546 -0.9221453   1.61250833  0.75255238  0.25393342
 -0.51149255]
[ 2.92107808 -0.46549312 -2.88766823  1.1019841  -0.32575365 -0.78667752
  3.2760964 ]
[ 2.48007544 -0.99759494 -1.61713756  1.42856257 -0.49862074 -0.88469041
  2.23757384]
[ 0.54848239  0.78160165 -1.00121962  0.98651866  0.19486816 -0.80844158
  3.61852971]
[ 3.09989739 -1.46274662 -3.06716344 -1.52855399 -2.8396972  -0.87446082
  6.04435946]
[-0.05103675  0.56210679  3.1        -0.8562757   2.82271574 -0.67908755
 -2.82453908]
[ 2.35628616 -0.84904369  1.48523946 -1.42156817  2.68229119 -0.82459016
 -3.86686483]
[ 0.54711802  0.77710092 -1.03846222  1.05456694  0.1694516  -0.86755263
  3.68084913]
[ 0.44199917  0.64940094 -0.58339354  1.29446948  0.07002054 -1.10102324
  3.36273582]
[-0.12816464  1.11546085 -0.60193485 -0.40137205 -0.27256349 -0.02714768
 -2.22849243]
[-2.91412964 -0.81517764 -0.69834634 -0.52150651 -3.1        -0.53609536
 -2.65316667]
[ 2.26802109 -1.15918408 -1.28902918  1.72074671 -0.43303679 -0.85915952
  1.92306867]
[ 0.58505023  0.77736897 -1.18973177  1.12738369  0.14623206 -0.89950336
  3.82454856]
[ 2.34134848 -0.54114924 -2.07575234  1.60601622 -0.38527019 -1.06947652
  2.834586  ]
[ 3.01182361 -1.54013567 -0.19606982  0.93147036  0.6916014  -0.16418632
 -0.4630965 ]
[ 2.24340733 -1.27785583 -1.02383334  1.7775921  -0.24439021 -0.75629115
  1.5759762 ]
[ 0.75220137  0.05699464 -0.57773299  1.68093373 -0.77796739 -0.592974
  0.02731723]
[ 0.26480909  0.98495285 -1.51178928  0.63441762  0.33352242 -0.63867295
 -2.09597873]
[ 0.04448925  1.38278968 -3.1         0.93722798  0.41298694 -0.37095458
  5.81597174]
[-0.42352737  0.89179878  1.14089427  0.86647329 -0.63382058 -0.63116301
  2.74434832]
[ 2.65233756 -0.5190598  -2.5270971   1.51197628 -0.34504152 -1.14222465
  3.01971663]
[ 0.4260852   0.70943158 -0.55325618  1.22439114  0.10037318 -1.08903171
  3.33424405]
[ 2.42435678 -0.88440635 -1.64785477  1.51715224 -0.40682954 -0.94043773
  2.27694452]
[ 0.51329573  0.5129347  -0.65923876  1.47968404  0.01355669 -1.15142893
  3.39220047]
[ 0.14191071  0.60442038 -0.18210913  1.27239409 -0.09651839 -1.10203681
  3.25107701]
[-2.54063015 -0.95309069  1.52608902  1.28249254  0.21359086 -1.01031948
  4.25164596]
[ 0.42480811  0.52866386 -0.42521988  1.47984213  0.03434987 -1.19156974
  3.22617284]
[ 2.67688229 -0.9020844   1.21326574 -0.93355552  1.45515794 -1.14552177
 -0.57743771]
[-0.45135301  1.44462993 -0.75939538 -1.32052736 -0.25359885  0.46479352
 -2.05537535]
[-0.57591042  1.11741232 -1.01167995 -1.05402652 -0.23918851  0.35414201
 -1.62100726]
[-0.2593899   0.20164939  0.74890264  1.85074914  0.09147157 -1.24033712
  2.6626941 ]
[-0.16635139  1.62801488 -0.33823401 -1.03831793 -3.09999999 -0.1336131
  0.28277574]
[ 1.95966775 -0.35449336 -1.72648974  1.79725502 -0.27717448 -1.05066786
  2.85742866]
[ 2.5332853  -0.98149282 -1.68008937  1.36552785 -0.50295084 -0.88153151
  2.28384106]
[ 2.5675264  -0.50540346  0.86564783 -1.23066806 -0.36824558  0.78410277
 -0.18020842]
[ 0.46487019  0.51560763 -0.56454212  1.42173639  0.01322932 -1.11003364
  3.33632119]
[ 2.25239362 -1.12633442 -1.30282871  1.73878108 -0.41629911 -0.88181774
  1.94648524]
[ 2.99801384 -0.45857368 -2.92725604  1.4405483  -0.20825087 -1.10497079
  3.12040626]
[ 3.02429891 -0.69666778  0.11533839 -1.13186611 -0.26129274  1.05427858
 -6.19712574]
[-0.2721389   0.34433463  0.87232958  1.4218833   0.06984419 -0.9181158
  2.49952225]
[-0.29120342  0.8009902  -2.35432119 -0.79312098 -0.50888462  0.65293603
 -0.20838481]
[ 1.16513254  0.51165692 -1.78124038  1.55421576 -0.74916929 -1.10380586
  0.55352422]
[ 0.41379767  1.46553009 -2.53005919  1.20293878 -2.68664162  0.59413515
 -4.30949248]
[-0.09480111  1.64610302 -0.14757251 -1.0668366  -2.58550557 -0.20093951
 -0.39648324]
[ 0.1169985   0.64293984 -0.19760736  1.15716227 -0.1147016  -1.03157882
  3.30085812]
[-0.55022959  0.76205252 -2.07280882 -1.08574501  2.61781916 -0.744418
  2.79560279]
[-2.85350494 -1.12378696 -2.1003201  -0.7051935   0.51744708  0.54756637
  1.46829986]
[-1.6331203  -0.48245428  1.93529966  1.03025499 -1.12709304  0.90015786
  4.68468441]
[ 2.87540553 -1.32405973 -0.46360142  0.94618699  0.21514727 -0.2817078
 -5.92298102]
[ 0.59238044  0.57671657  1.97747462 -1.1936145  -0.06996623  0.88261805
 -5.54383019]
[ 2.62795015 -0.71528905  0.95253793 -1.04729091 -0.50767411  0.73347446
 -0.24702336]
[ 2.26617217 -1.14232543 -1.25945367  1.69734361 -0.39847573 -0.8301834
  1.90180533]
[ 2.64980091 -1.2758563   2.16678093 -1.08016866 -0.48374049  0.36809925
  4.72444383]
[ 0.7946286   0.49608442 -1.19668579  1.75485786 -0.03543081 -1.31007318
  3.70127556]
[-3.04341012 -0.24897166 -0.20076366 -1.55352652  2.92691867 -1.04918217
  3.34197176]
[-1.00220936  0.80409521 -1.22035202 -1.43144979 -0.15615643  0.59600539
  5.19347726]
[ 0.64710769  0.45660714  2.08227052 -1.46491046  3.0380343  -1.06447571
  3.71027558]
[-2.84658444 -1.18486299  2.01695573  0.56844351  0.93234421 -1.52017376
  1.13447829]
[ 2.87409476 -1.32251961  2.70989851 -0.97819434 -2.88337623 -0.31997001
 -5.98541625]
[ 0.69700259  0.96631384  0.88815196 -1.44872115  3.1        -1.04441375
 -1.35246692]
[-0.72715355  0.4747286   1.10248023  1.32496491 -0.31613601 -0.76911179
  2.82792185]
[ 0.45906206  1.1717536  -1.57943583  1.08499476 -2.65938643  0.95470026
  1.01852551]
[ 2.87640299 -1.47834309 -0.44964694  1.25260946 -3.09999242  0.44638623
  3.61436892]
[ 2.40126936 -1.29297245 -1.17303642  1.56011757 -0.47181931 -0.70631394
  1.75722279]
[ 0.44264417  1.13700044 -1.56438262  1.00313167 -2.67747151  0.89059917
  0.99173379]
[ 2.57548626 -0.46614632 -2.37779422  1.53264072 -0.31183849 -1.07487229
  2.94893949]
[ 0.50193384  0.59113066 -0.63688811  1.43277319  0.06152634 -1.17110239
  3.37399432]
[ 2.82082148 -1.53568922  2.47375319 -1.04482205 -0.68357954  0.21700507
  4.48415992]
[ 0.75497229  0.92297041  1.84701529 -0.68858491 -1.52804026 -1.21257519
  0.13281028]
[ 0.48349701  0.51709009 -0.54128169  1.4889155   0.03489881 -1.17458856
  3.29382851]
[ 3.06951174 -0.49622236 -3.1         1.38638446 -0.21528579 -1.11444063
  3.23634771]
[ 0.44272802  0.71385606 -0.60268407  1.2391591   0.1069193  -1.09830837
  3.37030928]
[-0.17512747  1.10260926 -0.65307666 -0.3905766   2.86771897  0.05416716
  0.99701054]
[-0.38470113  0.42422927  1.21059778  1.77119174  0.09047007 -1.28904651
  2.26756458]
[ 0.4540056   0.47678523 -0.46518689  1.55642287  0.01951093 -1.21486655
  3.24277802]
[-0.34116601  0.37859114  1.04919228  1.80878835  0.0750611  -1.31176542
  2.40381034]
[-0.33384095  0.31531352  0.90544182  1.86469636  0.05306466 -1.32484003
  2.55593478]
[-0.21934213  1.66006968  2.74300542  1.37621386  3.09999941  0.4231252
  3.56755948]
[ 0.45934173  0.83168427 -0.93576638  1.08122788  0.17549795 -0.98258608
  3.65291534]
[-0.51221702  0.43172951  1.07493034  1.82140973 -0.06355491 -1.29067097
  2.51614191]
[ 0.55266973  0.76271428 -1.01566799  1.27622592  0.14092816 -1.0790959
  3.69565542]
[ 0.01657237  0.57743537  0.0726604   1.11589514  2.98005601  0.90953632
 -6.28      ]
[ 2.02332894 -0.32779434 -1.83673559  1.83742134 -0.28026244 -1.11937968
  2.9012558 ]
[ 2.25560336 -0.52945219 -1.94045729  1.64310526 -0.35874241 -1.03999888
  2.77148098]
[-2.69378919 -0.72982021 -1.08916664 -1.06664743 -3.09857717 -0.90070343
 -2.41074841]
[-0.31290739  0.36188991  0.99172773  1.85010194  0.0767163  -1.35027866
  2.44304343]
[-0.08464876  0.31934034  0.49057149  1.71506754  0.01382889 -1.22214633
  2.74702935]
[ 0.5817835   0.50798274 -0.75294173  1.60085827  0.0231998  -1.2464863
  3.42975862]
[ 2.45721862 -0.81368598 -1.79283281  1.53199081 -0.39438506 -1.0136055
  2.39637265]
[ 0.70771621  0.91992793  1.16974144 -1.37581061 -3.1        -0.98800681
 -1.67885287]
[-2.54449154 -0.86865427  1.64409751  1.18680625  0.16197278 -0.93340154
  4.13390206]
[-0.28287647  0.22991598  0.81455064  1.80965719  0.0972288  -1.22033173
  2.61028561]
[-0.23719834  1.19735508 -0.60575951 -0.59601309  0.35832821  0.0466836
 -2.80002694]
[-0.09994595  0.72290271  0.4176724   0.65222838 -0.36295657 -0.55165821
 -3.19393261]
[ 0.38591144  0.71578603  2.34250508 -1.10721455 -3.09933522 -0.97484811
 -2.65407976]
[-0.30812267  0.47078678  1.17071687  1.78038691  0.07386153 -1.34895212
 -4.0466297 ]
[ 0.50350929  0.5089174  -0.58871593  1.50065321  0.02868551 -1.17322768
  3.32591066]
[ 3.07774164 -0.53801077 -3.09989681  1.32216162 -0.21321849 -1.09103826
  3.23334547]
[-0.47249715  0.43453535  1.0623838   1.83012409 -0.04601914 -1.31413601
  2.49265104]
[-0.24841246  0.64125128  1.14499468  1.57328037 -0.05457554 -1.23995832
  2.19377822]
[ 2.48012139 -1.24278097 -1.3121524   1.4499295  -0.56538036 -0.74314326
  1.92314361]
[-0.7616089   0.16479552  1.26284918  1.35573091  1.01229755 -0.84761832
  3.14502878]
[-0.06021115  1.29159798 -0.06049369 -0.6874653   0.81774296  0.22808863
  2.42094967]
[ 2.76746753 -0.50469971 -2.48999779  1.41812701 -0.24505525 -1.03187978
  2.8894628 ]
[-0.37026329  0.4424419   1.21801033  1.76776008  0.08615543 -1.29966125
  2.24448534]
[ 2.24829557 -1.15572564 -1.22608524  1.72184799 -0.37774278 -0.82441948
  1.86562649]
[ 0.45686065  0.48302594 -0.56409125  0.99178874 -2.27698607  0.28566338
  1.4596977 ]
[ 2.72653378 -0.57131919 -2.51944501  1.20743808 -0.37040816 -0.89336348
  3.04128532]
[ 2.67651807 -1.37278451 -0.99211316  1.02631065 -0.82720963 -0.33401116
 -4.41721208]
[ 0.71501244  0.26024128 -0.23426866  1.81208407  0.2435955  -1.29240356
 -3.52691953]
[ 0.53721448  0.48126794 -0.64267187  1.5600935   0.0166743  -1.20027939
  3.35288303]
[-3.04699059 -0.66855185  3.1         1.00743256  3.023647    0.89621985
 -6.24826596]
[-0.11545259  1.51049548  3.03102793  1.35054727  0.28116894 -0.60508626
 -0.07971323]
[-0.40720611  1.55590655 -0.5645969  -1.45998984  3.1        -0.51708193
  0.69110263]
[ 0.61668439  0.72657625 -1.01921808  1.22082312  0.15267563 -0.97463636
  3.631815  ]
[-0.7867898   0.57929112  1.30056402  1.35627069 -0.32652335 -0.77080161
  2.64886163]
[ 0.7919094   0.34347337 -0.3996745   1.71466645  0.24463642 -1.24373104
  2.85073396]
[ 0.04002165  0.64141411  3.1        -1.0685969  -0.16323098  0.93897908
  0.09690623]
[ 0.63136055  0.84353625 -1.22000904  1.06549068  0.25195937 -0.83828732
  3.76139399]
[-0.22366602  0.39634754  0.87520035  1.80663934  0.05356697 -1.35185909
  2.47442132]
[ 2.66258169 -0.72196478 -2.1108      1.35581957 -0.34280617 -0.99600413
  2.59552066]
[-0.15326038  0.25210504  0.54868132  1.86836178  0.02426406 -1.30728012
  2.76048214]
[ 2.40598298 -1.2331047  -1.307984    1.52631641 -0.54620806 -0.76198107
  1.93655926]
[ 2.28314685 -1.12995328 -1.34246415  1.69804967 -0.45399907 -0.87889703
  1.98351405]
[ 2.72314915 -0.43399416 -2.52949473  1.51325087 -0.2495167  -1.07584263
  2.96671215]
[-3.1        -1.32537123  0.22688854  0.79357769  0.70936761 -0.37138616
 -0.91699131]
[ 0.55575085  0.20900686 -0.82377258  1.25761141 -1.03527575 -0.40131675
  4.80977665]
[-0.73215917  1.10096136  2.1642825   1.32366606  3.05719076  0.51302491
  4.59859463]
[-3.09959086 -0.6724407  -0.06786512 -1.17934925 -0.1491155   1.08218776
  0.09542979]
[ 2.99993124 -0.08670657 -3.09999983  1.80236341 -0.25022763 -1.13563097
  3.30658621]
[ 0.5250119   0.49330011 -0.63662371  1.52175993  0.01771139 -1.17493398
  3.35743206]
[ 2.55063238 -0.90988209 -1.83038115  1.24351581 -0.53474759 -0.83372736
  2.49644588]
[ 0.38646669  0.65910412 -0.45449853  1.21991661  0.0613453  -1.05658463
  3.27628901]
[ 0.55840941  0.79688709 -1.01051544  1.14815223  0.1899878  -0.9704512
  3.65122399]
[ 2.62978812 -0.52235015 -2.47420756  1.45110874 -0.35492691 -1.07017961
  3.01076883]
[ 0.20251035  0.26220947  0.51863017  1.02265366 -0.98904031  0.86146031
  2.04544626]
[ 0.45376641  0.77994793 -0.92639259  1.04357522  0.12982049 -0.9155245
  3.66082547]
[-3.1        -0.72708362  3.00781496  1.02459318 -0.15669439 -0.99164123
  3.31985743]
[-2.24874563 -1.4350563   1.28227208  1.23182061  1.4765067  -1.3156925
  1.29544864]
[-3.1        -0.82464254  2.69306118  0.34643977  2.92245793  0.44758564
 -5.67750528]
[-1.91944952 -1.20191073  1.29322643  1.55895479  0.50793167 -0.75795302
  4.00593688]
[ 2.85416384 -1.53504883 -0.44395052  1.1777958   0.05919396 -0.31113735
  0.44775997]
[-0.44554335  0.45890545  1.08294391  1.80013505 -0.03795178 -1.3040431
  2.4440074 ]
[ 3.03512382 -0.30324796 -3.1         1.37217373 -0.26446604 -0.92030653
  3.33089515]
[ 0.8437238   0.45208346 -1.1987697   1.8952456  -0.04550908 -1.41149421
  3.64743827]
[ 0.4186476   0.65275575 -0.52212978  1.26334855  0.06828466 -1.0828525
  3.31848165]
[ 3.1        -1.68777576 -3.08285871 -1.44915167  0.42479906  0.58463469
 -3.52188622]
[-0.44218158  0.39321653  1.00861202  1.85759544 -0.02183485 -1.33224059
  2.52947252]
[ 0.85014385  0.81915354  1.37554189 -1.56069233 -3.09851129 -1.10942911
 -1.99922152]
[ 1.95339546 -0.38316783 -1.7075516   1.80688298 -0.28971868 -1.05637119
  2.83237121]
[-0.34817949  0.30731123  1.0235617   1.77016052  0.11540593 -1.23092852
  2.44251374]
[-3.09903078 -0.25094739  2.95885048  1.46553276  2.88152744  0.97668482
  0.26543145]
[ 0.57043023  0.53715209 -0.74975258  1.58386069  0.03641545 -1.25447072
  3.43737649]
[ 0.31107179  0.62754763 -0.68440451  0.96696111  3.07252476  0.80128026
 -5.79321805]
[-2.05757081 -0.83420023  1.73551354  1.16912157  0.51137245 -0.43431889
  2.51413714]
[-0.35286834  0.13642033  0.77268442  1.63795204  0.08804048 -0.96403576
  2.71722017]
[ 0.68291913  0.6975369   1.79027425 -1.33787171 -3.1        -1.01333582
 -2.31921753]
[-0.02355763  0.14439359  0.43473806  1.76178246  0.10160402 -1.11816954
  2.75281049]
[-0.70825221  0.9622506   1.61037667  1.35435289 -0.4698847  -0.75422305
 -4.05252791]
[ 0.15638211  0.65893417 -0.17517067  0.99540885 -0.08525132 -0.87589032
 -3.03697206]
[ 0.80032688  0.73842969 -1.56235753  1.54848621 -3.1         1.14682103
  0.95934353]
[ 2.34274166 -0.92458576 -1.5574551   1.60902463 -0.41478804 -0.951227
  2.21794048]
[-0.19652494  1.26227185  2.77966803  0.79729614  0.43211237 -0.24126178
  0.0263727 ]
[ 0.05320777  0.60378123  2.99499534 -1.02251914 -0.18550329  0.86971332
  0.21512239]
[-2.42452784 -1.01580782 -2.26173017 -1.57603175 -0.01073422  1.12721441
 -4.50138918]
[-2.92958131 -0.75654356  2.53777397  0.59794098  3.09999997  0.57242572
  0.4753286 ]
[ 0.59145082  0.8167312   1.91053179 -1.10703369  0.18545745  0.8862078
 -5.58190961]
[ 2.69157769 -1.44993736 -0.58025515  1.43641498 -3.1         0.55943102
  3.84631113]
[ 2.79064588 -1.2667648  -1.18810804  0.97951378 -0.73136864 -0.48831379
  1.8990364 ]
[ 0.10708206  0.6966875   2.98876512 -1.0347856  -0.11149875  0.95976262
 -6.15547711]
[ 0.57204011  0.49508052 -0.88037865  1.47648275  3.09999887  1.11788882
 -5.84643278]
[ 0.49090949  0.8479306  -0.94691261  1.09877826  0.20755043 -0.99460237
  3.62975954]
[-0.26031469  0.19544119  0.76322169  1.82631742  0.1042458  -1.21255802
  2.64715588]
[ 3.1        -0.53801339 -3.07247322  1.24224626 -0.19782846 -1.00366414
  3.19793558]
[ 3.1        -1.64802109  2.99318707 -1.32584703 -2.98157074 -0.44452141
 -0.03224526]
[-0.23033613  0.3970487   0.92155764  1.79385948  0.0698718  -1.33997262
  2.43292378]
[-0.10791351  0.77365657  0.26415866  0.28333676  2.36157572  0.32090352
  0.54867313]
[ 0.20676138  0.25368094 -0.17474173  1.31489969  0.37036966 -0.22116702
 -0.57543393]
[ 0.02325173  0.15635548  0.49463895  1.43232376  0.2122153  -0.8223879
  2.56612403]
[-3.03828763 -1.59919979 -3.09999999 -1.20814825  0.27972429  0.41350507
 -3.51420062]
[-0.22659428  0.1882365   0.68611407  1.85973644  0.08450473 -1.24046682
  2.69793951]
[ 3.07613379 -0.55775209 -3.09941818  1.23131493 -0.22401144 -1.02185465
  3.25256819]
[ 3.09274096 -1.38648052 -0.00868884  0.76726935  0.88488787 -0.23756995
 -0.84115403]
[ 2.27995419 -0.53534911 -1.97868312  1.60604232 -0.37503329 -1.02432161
  2.79993832]
[-0.14496245  1.67450273  2.89944622  1.12256702  0.32245922 -0.1916833
  6.2063482 ]
[ 0.39352651  0.47487334 -0.34396036  1.52751662  0.01699143 -1.19632895
  3.17100724]
[-0.11959978  0.44885317  0.21663296  1.0040773  -0.57020354 -0.19785153
  4.02371768]
[ 2.73891904 -1.62986142  2.65258516 -1.47318053 -3.09999954 -0.46847416
  0.54145053]
[-0.35627714  0.33307182  1.02643759  1.78545463  0.09067898 -1.25728691
  2.44529338]
[ 0.26907431  0.71703767  2.30818439 -0.85295827  3.09987288 -0.77713792
  3.79890922]
[ 0.73114024  0.67768025 -1.34588684  1.4914266  -3.1         1.13423001
 -5.50088994]
[ 3.06150399 -0.57367359 -3.09999999  1.20864833 -0.23755702 -1.01840879
 -3.01150299]
[ 0.57456302  0.79044913 -0.99946149  1.18054405  0.19305275 -0.99328744
  3.6310022 ]
[-0.22574717  1.59671991  2.7059412   1.04125014  2.9530692   0.14680479
 -2.51976046]
[ 2.82340321 -0.8147713  -2.21208092  1.01156661  2.72686652  0.80720596
  5.82177876]
[-0.11680536  1.38751637 -0.12622974 -0.98374869  0.45369466  0.37282785
 -3.39177308]
[ 0.59906747  0.74719912 -1.02612627  1.09527429  0.17382986 -0.86911272
  3.62743086]
[ 0.74439344  0.25582672  2.84969772 -1.84106495  0.23257517  1.30749927
  5.93348849]
[-2.84480905 -0.52676348  2.58346456  1.04240111 -0.12568153 -0.79319657
  3.54638576]
[ 3.1        -0.69147657 -2.96187384  0.84115796  2.89557258  0.74256848
 -6.26465484]
[ 0.78880819  0.45039367 -1.09477142  1.76754615 -0.03125196 -1.30287866
  3.5947052 ]
[ 0.56598001  0.89996351 -1.16074402  1.04793761  0.28750792 -0.89475298
  3.73891464]
[ 2.48152689 -1.20311582 -1.36283712  1.41315509 -0.576512   -0.74501638
  1.99928322]
[ 2.50503808 -0.989832   -1.68840462  1.40615738 -0.52002051 -0.90986779
  2.30096552]
[ 0.51101907  0.47683597 -0.58344582  1.53676229  0.01784065 -1.18089397
  3.31407698]
[ 2.92939243 -1.31115225  0.0428881   1.05652519  1.54011393 -1.47294709
 -2.97535999]
[ 0.35891312  0.75098186  2.00835182 -0.78817995  0.01783465  0.68264951
  0.85135856]
[-0.35826359  0.43650324  0.49129756  1.20738805  2.82447016  0.81334888
  6.27999999]
[ 0.43176681  0.88795775 -0.89432776  1.04191132  0.21352181 -1.00088241
  3.61340063]
[ 2.55736881 -0.85319408 -1.8501582   1.14466068 -0.52669279 -0.73661807
  2.56679923]
[-2.69505424 -0.57522869 -0.81592659 -1.20214273  3.0999992  -0.94622641
  3.63140099]
[ 2.870466   -1.52761621 -0.44880067  1.03314185 -3.1         0.17994386
  3.59882407]
[ 0.6228344   0.69292515 -1.03676813  1.27587009  0.11493268 -1.00580153
  3.6618062 ]
[ 0.46942383  1.26165894  1.19397272 -1.15441254  0.50279462  0.85330514
 -4.91461629]
[-0.15051545  0.53622806  0.93757466  1.67158954  0.01917819 -1.33437623
  2.32912138]
[ 4.34061468e-01  5.03658415e-01 -5.17993172e-01  1.39493576e+00
 -2.41822932e-04 -1.08083902e+00  3.31775124e+00]
[ 2.65247921 -0.55902214  0.75495989 -1.24080877  2.77018987 -0.87096885
 -3.31165724]
[ 0.4348855   0.49680992 -0.43379628  1.52180028  0.02529961 -1.20249153
  3.22696069]
[-3.06447169 -1.31605566 -2.78048425 -0.77542683 -2.3898917  -0.40778292
  5.18381713]
[-3.1        -0.51528821 -0.02918191 -1.30132371 -0.15336436  1.04251379
  0.0634356 ]
[-0.08780909  1.47093226 -0.07837653 -1.32270185 -2.85905888 -0.62643907
 -0.11938582]
[ 2.67914584 -1.29401235 -1.05136294  1.2165294  -0.4767019  -0.53618122
 -4.7077578 ]
[-0.3452076   1.43448016 -0.40295926 -1.25826638  0.24078381  0.46798772
 -2.80779586]
[ 0.59961796  0.75356534 -1.0201457   1.17933203  0.17091753 -0.956267
  3.63614339]
[-2.84186219 -0.83175759  2.25636409  0.81048721  0.09831347 -0.79466164
  3.73473856]
[-0.21576316  0.18958303 -2.98054175 -1.6139237  -0.25108022  1.0392254
 -6.14662681]
[ 2.27133375 -0.51221733 -1.94874798  1.61407469 -0.34297979 -1.01221268
  2.77807626]
[-0.22481429  0.37087885  0.68885273  1.73937767 -0.01707774 -1.26270837
  2.66659377]
[ 2.71562988 -0.7121427  -2.22551873  1.05755935 -0.42178059 -0.76251068
  2.80069226]
[-0.34071471  0.3937454   0.93382906  1.8375763   0.00697413 -1.34452891
  2.51669941]
[-0.26943704  1.47778827 -0.49759106 -1.15634391  3.1        -0.34857193
  0.58572058]
[ 2.41416503 -1.21363725 -1.3160333   1.46290455 -0.56199784 -0.72069832
  1.98128285]
[-0.49472402  0.77704162  1.11735721  1.25392311  2.74442321  0.89568192
 -0.57525234]
[ 3.1        -0.4452521  -3.07391049  1.46849596 -0.17763653 -1.13503401
  3.16954309]
[-0.09347873  0.64739878 -2.99760764 -0.82087814 -0.3147656   0.69643825
  0.15409884]
[ 0.44017536  0.60744132 -0.53019832  1.33266872  0.05663767 -1.10693553
  3.31362655]
[ 2.4865564  -1.00859072 -1.62644191  1.42111081 -0.51416144 -0.88698487
  2.24674041]
[-0.44471057  0.49173674  1.32496846  1.80278472  0.05251879 -1.32070737
  2.192425  ]
[ 2.03454647 -0.39451547 -1.78578838  1.8861736  -0.2812186  -1.1638295
  2.79885353]
[ 2.63232341 -1.12612373  1.51858025 -1.01004859  2.34715556 -0.64782913
 -3.82977035]
[-0.23807587  0.4722544   1.1262254   1.67568666  0.09409239 -1.27546978
  2.21369277]
[-0.40461346  0.67265721  0.90263041  0.85433391 -0.4844683  -0.55630363
 -3.36495733]
[-2.93496076 -0.65764492  2.62209455  1.19743863 -0.08197502 -1.08700784
 -2.74689402]
[ 2.81803144 -0.51890102 -2.73312696  1.3876129  -0.30450671 -1.07927918
  3.10567429]
[ 2.43585331 -1.16632781 -1.06113985  1.30808499 -0.29719112 -0.50065444
  1.64565055]
[ 3.00581811 -1.47910054 -0.22772801  1.10006013  0.27167419 -0.36255067
 -6.28      ]
[ 2.44630681 -0.4294436  -2.17818125  1.60329752 -0.27578961 -1.05491866
  2.85662315]
[ 2.90305003 -0.57758624 -2.82884512  1.37689957 -0.28015742 -1.1419544
  3.10654545]
[ 3.1        -0.61803133 -3.04279436  0.94860619  2.90547354  0.78976017
 -6.19715069]
[ 0.41138929  0.72037136 -0.56932436  1.19079666  0.0948369  -1.06735941
  3.36174482]
[ 0.33621448  0.42351751 -0.22405239  1.57457175  0.00364338 -1.20175055
  3.09866338]
[ 2.17594701 -0.45279856 -1.8209783   1.564584    2.84637966  0.89455441
 -0.37063364]
[-0.39723263  1.44355928  2.58198777  1.24110519 -3.0999996   0.3986052
 -2.48850477]
[ 2.97494859 -0.4136876  -3.01895789  1.42745212  2.88256544  1.07341814
 -6.16620025]
[-3.04718762 -0.28911176 -0.20039095 -1.53527764  2.93482185 -1.0706482
  3.34033032]
[ 0.39827299  0.56114097 -0.48038923  1.31953783  0.01461133 -1.06467012
  3.3073299 ]
[ 2.08247609 -0.5923184  -1.68171359  1.71958997 -0.35906023 -0.99943037
  2.63853995]
[ 0.50196703  0.51083927 -0.58104685  1.54028257  0.03081318 -1.21504762
  3.32043457]
[ 2.69704059 -0.77427967 -2.11866156  0.98065229 -0.49727588 -0.69427765
 -3.51340285]