[0.         0.         0.         0.52359878 0.         1.04719755
 1.74532925]
[ 0.07984912  1.69071494  0.25473993 -1.20885873  0.74577285  0.444107
 -4.07025209]
[ 2.67274335 -0.9092116  -2.02459706  1.00643693 -0.60638336 -0.76000676
  2.7164174 ]
[ 3.04727855 -0.50873469 -3.1         1.39253281 -0.23074294 -1.13688474
  3.25477892]
[ 3.05094519 -0.59766021 -3.1         1.29594173 -0.23279032 -1.12882074
  3.25388261]
[ 2.84205534 -0.5845875  -2.77166251  1.39186889 -0.31332863 -1.15191496
  3.10343013]
[ 3.09380126 -1.76422161 -0.01108695  1.35769607  0.46690685 -0.40458813
 -0.40602194]
[ 2.44637608 -1.18650329 -1.4041889   1.42128615 -0.60330336 -0.75555699
  2.07751598]
[ 2.69395497 -0.99765242 -1.83815112  1.16030691 -0.54957    -0.85265551
  2.40210974]
[ 3.04208333 -0.52290059 -3.1         1.29837472 -0.2449849  -1.06022562
  3.28154185]
[ 2.83783894 -0.88304988 -2.21414364  1.07056466 -0.4356167  -0.91349263
  2.64263855]
[-0.12149916  1.57787532  2.8406465   1.01464449  0.09207789 -0.17269666
 -6.09346055]
[ 2.70146689 -0.67496464 -2.3950972   1.07766881 -0.45403482 -0.81472942
  2.99639574]
[-0.10353886  1.56870021  2.89438898  1.014694    0.24088279 -0.19260008
  6.28      ]
[ 3.05087146 -0.49476014 -3.1         1.3128694  -0.23868442 -1.04505775
  3.27537439]
[ 0.32169013  0.77656347 -0.89046454  1.14128458  2.88660113  1.9636203
 -3.32596678]
[ 0.51369815  0.78669937  2.10559124 -1.25472149  0.13731796  1.08710205
 -5.67752249]
[ 0.44714491  0.69163122 -0.60965097  1.26424674  0.09462831 -1.10280225
  3.3783094 ]
[ 0.5167426   0.81350615 -0.97097953  1.15948522  0.18339097 -1.01683606
  3.65109494]
[-0.5630978   1.03314734  1.71550339  0.96626271 -0.66547832 -0.45213516
 -3.99758815]
[ 2.83554623 -0.76747175 -2.48629398  0.9691343   2.70760543  0.82664549
 -0.1718157 ]
[-0.25124317  1.4337693   2.62590303  0.91439315 -0.13989452 -0.15537398
 -5.58308173]
[-3.1        -1.50951481 -2.93976715 -0.94475708 -2.32206523 -0.35488139
  5.29755692]
[ 0.52935289  0.80325268 -0.98909646  1.14763016  0.18069774 -0.99030839
  3.65736214]
[ 1.11499293 -0.23985546 -0.9221453   1.61250833  0.75255238  0.25393342
 -0.51149255]
[ 2.48007544 -0.99759494 -1.61713756  1.42856257 -0.49862074 -0.88469041
  2.23757384]
[ 2.68506625 -0.90803244 -2.02012693  0.93147257 -0.64070041 -0.69826629
  2.75912735]
[ 0.75220137  0.05699464 -0.57773299  1.68093373 -0.77796739 -0.592974
  0.02731723]
[-3.1        -1.29398558  0.34294581  0.63441283  1.00375179 -0.33874636
 -1.33014711]
[-2.8633251  -0.79292215  2.35866325  0.86647755 -3.09736538  0.83871294
 -5.73915807]
[ 2.65232599 -0.51906298 -2.52708072  1.51197589 -0.34504907 -1.14222045
  3.01971378]
[ 0.42608706  0.70943218 -0.55326249  1.2243915   0.10037045 -1.08903132
  3.33425207]
[ 0.14191264  0.60442059 -0.18211246  1.27239409 -0.09651742 -1.10203695
  3.25107848]
[-0.37226938  1.35762244  2.29456739  0.93351508 -3.06920916 -0.74336104
  6.20966884]
[-2.86561235 -0.79232216 -0.6183586  -1.03831701 -3.1        -1.01661417
 -2.75293678]
[ 2.53328488 -0.98149572 -1.68008497  1.3655278  -0.50295225 -0.88152971
  2.28383723]
[-0.33285749  0.74624398  0.55232311  1.1318644   2.73221877  0.9936145
  6.16617958]
[ 2.95938678 -1.38946216 -0.45586532  0.79313708  3.0999999   0.10273328
  3.66565089]
[ 1.16513254  0.51165692 -1.78124038  1.55421576 -0.74916929 -1.10380586
  0.55352422]
[ 0.49130821  1.05491098  1.70764328 -1.06684516 -2.76403529 -0.94094643
  4.03618862]
[-3.1        -1.66419267 -3.08486907 -1.15716096 -2.59212869 -0.32659196
 -0.6048804 ]
[ 0.17567093  0.61192641  2.67647265 -1.08574854 -0.13134828  0.94337967
 -5.88347682]
[-2.82654711 -0.67784546 -0.82003669 -1.04728596  3.09999972 -0.92164248
 -2.5381321 ]
[-0.56775615  1.07262503  1.3850128   1.08498861 -0.75842942 -0.74043833
 -3.71963511]
[ 2.61728421 -1.0755367   1.43364873 -1.00313217 -0.77383372  0.66629427
 -0.59983595]
[ 0.07592908  0.716989   -0.18770808  1.04482267 -0.13254878 -1.00016185
  3.33475321]
[ 3.06951077 -0.49622228 -3.1         1.3863842  -0.21528862 -1.11444033
  3.23634574]
[ 0.44272682  0.71385458 -0.60268216  1.23915986  0.10691602 -1.09830719
  3.3703082 ]
[ 0.45934173  0.83168426 -0.93576637  1.08122788  0.17549795 -0.98258608
  3.65291533]
[ 0.55266821  0.76271374 -1.01566187  1.27622503  0.14093262 -1.07909721
  3.69565102]
[ 3.07774164 -0.53801077 -3.09989681  1.32216162 -0.21321849 -1.09103826
  3.23334547]
[ 2.480129   -1.24280629 -1.31212165  1.44992824 -0.56538772 -0.74312771
  1.92311054]
[ 0.29643857  0.78068361  2.37508008 -1.02631536 -3.09997462 -0.98169596
 -2.62034166]
[ 3.1        -0.22605586 -2.64162151  1.46205642 -2.35003079  0.79204861
  1.11602994]
[-3.1        -0.64145255  3.0969184   1.06859917  2.97923032  0.93916645
 -6.18487779]
[ 2.40598298 -1.2331047  -1.307984    1.52631641 -0.54620806 -0.76198107
  1.93655926]
[-0.38089135  0.77794501  0.77701409  1.17929567 -0.41993375 -0.97837832
 -3.45408992]
[ 2.55063238 -0.90988209 -1.83038115  1.24351581 -0.53474759 -0.83372736
  2.49644588]
[ 0.38646669  0.65910412 -0.45449853  1.21991661  0.0613453  -1.05658463
  3.27628901]
[ 2.62981409 -0.5223439  -2.47424645  1.45110831 -0.35491321 -1.07019243
  3.01078229]
[ 0.20251035  0.26220947  0.51863017  1.02265366 -0.98904031  0.86146031
  2.04544626]
[ 2.62656106 -1.07414088 -1.69412279  1.0245969   2.40096084  0.67612155
  5.63128795]
[-2.24874563 -1.4350563   1.28227208  1.23182061  1.4765067  -1.3156925
  1.29544864]
[ 0.2867365   0.76534357 -0.22175782  1.04183537  0.05054661 -1.00804395
  3.12067433]
[ 0.45184417  0.85344432 -0.98957487  1.03478808  0.19079173 -0.94565128
 -2.58408306]
[ 0.49090949  0.8479306  -0.94691261  1.09877826  0.20755043 -0.99460237
  3.62975954]
[ 3.07613379 -0.55775209 -3.09941818  1.23131493 -0.22401144 -1.02185465
  3.25256819]
[ 3.03719275 -1.68277469 -0.16226216  1.12257476 -2.66225179  0.21140517
  2.83340574]
[ 2.9052295  -0.58936021 -2.82240107  1.20864871 -0.30608239 -0.98982591
  3.1502839 ]
[ 2.6475081  -0.96971057  1.2304144  -1.04125078 -0.64440236  0.76208257
 -0.51854252]
[ 2.48152441 -1.20312079 -1.36282521  1.41315703 -0.57650425 -0.74500259
  1.99926873]
[ 2.50503807 -0.98983203 -1.68840458  1.40615738 -0.52002052 -0.90986778
  2.30096549]
[ 2.92939243 -1.31115225  0.0428881   1.05652519  1.54011393 -1.47294709
 -2.97535999]
[ 0.431765    0.88795797 -0.89431774  1.04190878  0.21353072 -1.00088456
  3.61338868]
[-3.06594697 -0.66680342 -0.2662296  -1.03313928 -0.15782769  0.95086521
 -5.99141486]
[ 2.83863624 -1.57606539 -0.45109089  1.15440609 -3.1         0.24371856
 -2.67610518]
[-3.09388331 -0.72918299 -0.15859188 -0.81049791  2.96072231 -0.78424594
  3.38291871]
[ 2.41416503 -1.21363725 -1.3160333   1.46290455 -0.56199784 -0.72069832
  1.98128285]
[ 2.48655843 -1.00857539 -1.62646451  1.42111065 -0.51415582 -0.88699643
  2.24676047]
[-0.4435825   0.93107333 -2.08130131 -1.01004369 -0.60796897  0.80895759
  5.87944139]
[ 0.23299908  1.58538961 -2.5690218   1.19744246  0.71894022 -0.61013373
  5.06072912]
[ 2.8180339  -0.51890248 -2.7331303   1.38761177 -0.30450649 -1.07928316
  3.1056757 ]
[ 2.90304987 -0.57758626 -2.82884489  1.37689956 -0.28015753 -1.14195437
  3.10654537]
[ 0.41138913  0.72037126 -0.56932452  1.19079673  0.09483604 -1.06735938
  3.36174557]