[0.         0.         0.         0.52359878 0.         1.04719755
 1.74532925]
[-0.53570864  1.45223295 -0.97092799 -1.20885455 -0.71434085  0.39387835
  4.85596928]
[ 0.31133642  0.80323522 -0.77917961  1.00643645 -3.07153051  0.97116503
  0.5079425 ]
[ 3.01330755 -0.49757961 -2.96054748  1.32840447 -0.22422902 -1.0383289
  3.15983151]
[ 0.29960939  0.70203512 -0.31236277  1.076039    0.03489661 -0.97569343
  3.20838843]
[ 2.64322278 -0.96203803 -1.61853135  0.85931927 -0.70696185 -0.46669544
  2.49950601]
[ 0.53672877  0.84948059 -0.95378752  0.99621812  0.25863481 -0.87555152
  3.55519788]
[ 2.7527728  -0.54622234  0.60197603 -1.2151174  -0.33996382  0.88497223
 -0.11143777]
[ 3.04727855 -0.50873469 -3.1         1.39253281 -0.23074294 -1.13688474
  3.25477892]
[ 3.05094519 -0.59766021 -3.1         1.29594173 -0.23279032 -1.12882074
  3.25388261]
[ 2.84205534 -0.5845875  -2.77166251  1.39186889 -0.31332863 -1.15191496
  3.10343013]
[ 2.31484617 -0.52380609 -2.05052069  1.65388897 -0.36985801 -1.09464847
  2.82101902]
[-3.05508972 -0.52382216  2.8579358   1.14697021  2.93884057  0.92989864
  0.32502587]
[ 0.51373444  0.76494805  2.11064743 -1.35769923  0.11259061  1.17820557
  0.61827234]
[-2.68660764 -0.49755046  2.34498082  1.46321409  3.05699826  1.14908268
  0.45964919]
[ 0.36203892  0.73408496 -0.82145199  1.00358798 -3.1         0.89396701
  0.52542414]
[ 2.68910526 -0.85102344 -1.98430623  1.13938025 -0.45801188 -0.82679495
  2.54354909]
[ 0.62990526  0.7079219  -1.06789524  1.29169703  0.12287682 -1.02255182
  3.68829281]
[ 2.44637608 -1.18650329 -1.4041889   1.42128615 -0.60330336 -0.75555699
  2.07751598]
[ 2.69395497 -0.99765242 -1.83815112  1.16030691 -0.54957    -0.85265551
  2.40210974]
[ 2.27527874 -0.54264494 -1.97534226  1.63337717 -0.37679974 -1.05049713
  2.78830991]
[-3.09913743 -1.60667475  0.14376878  1.33787142  0.43043546 -0.57452159
  5.77183945]
[ 2.80893203 -0.45794807 -2.6035756   1.45805333 -0.23121386 -1.06012781
  2.96541371]
[ 3.04208355 -0.52290037 -3.1         1.29837495 -0.24498426 -1.06022523
  3.28154097]
[ 2.83782331 -0.88306624 -2.21409389  1.07056476 -0.43563514 -0.91348245
  2.64260904]
[-2.79152986 -1.6594056   0.46441307  1.52469381  0.40232906 -0.71823571
  5.41011241]
[ 2.60725725 -0.95499208 -1.74933744  1.27659398 -0.48848155 -0.86149163
  2.32445479]
[-2.83294043 -0.75742671 -0.6324995  -1.01463108 -3.1        -0.9516049
  3.51871831]
[ 2.70146689 -0.67496464 -2.3950972   1.07766881 -0.45403482 -0.81472942
  2.99639574]
[ 2.75580497 -0.81887092  0.93957623 -1.01469799 -0.47928097  0.79721316
 -0.38074751]
[ 0.19370593  0.41779329 -0.33734636  1.45225052 -0.15299638 -1.10876282
 -2.90690501]
[ 3.84419168e-01  4.34064381e-01 -3.28734380e-01  1.61431325e+00
  2.13541373e-03 -1.24599133e+00  3.16402715e+00]
[ 3.05087168 -0.49475992 -3.1         1.31286962 -0.23868378 -1.04505735
  3.2753735 ]
[ 0.4808712   0.51065858 -0.53954243  1.47858733  0.03036398 -1.15939078
  3.29430166]
[ 2.83685394 -0.88250516 -1.96623467  0.50780878 -0.91280973 -0.35730629
  2.99458665]
[-0.50809824  0.75740839  0.82780837  1.14127813  1.78477139  1.45111457
  2.47563917]
[ 2.60729464 -0.84366956 -1.94352412  1.37639827 -0.42347685 -0.99511946
  2.46823881]
[ 0.40684149  1.30568349 -2.25940065  1.15607186  0.44992735 -0.75435783
  4.86788542]
[ 0.53663665  1.35867824  1.10740633 -1.25472197  0.55232138  0.8331695
  1.41842161]
[ 2.44394578 -0.67290449 -1.92412342  1.52966252 -0.34617105 -1.01514499
  2.56668605]
[ 0.73016514  0.84766382 -1.29466496  1.32944092  0.24552857 -1.02754288
  3.81947635]
[ 0.44714447  0.69163084 -0.60964938  1.26424681  0.09462874 -1.10280202
  3.37830786]
[ 0.42883223  0.5398102  -0.44865897  1.39690498  0.03628628 -1.11724882
  3.24402295]
[-0.3210362   0.98205934  1.70122482  0.68570827 -0.63972173 -0.33556584
  2.19121321]
[-0.09093689  1.64961187  3.1         1.37145777  0.38347717 -0.51465028
  6.02566844]
[ 0.59877973  0.88179955 -1.16611692  1.04671185  0.28951626 -0.86704546
  3.71483828]
[ 0.58276663  0.69556487 -1.04415059  1.22723331  0.09268579 -0.97664913
  3.70576706]
[ 0.51675503  0.81351563 -0.97100852  1.15948648  0.18340635 -1.01682939
  3.65111513]
[-0.53048754  1.14187397 -1.19602006 -0.96626266 -0.64669034  0.36771413
  5.1538345 ]
[ 0.13048102  1.23797487  0.33733109 -0.59619479  0.83313611  0.27602542
 -4.37060095]
[ 2.26678412 -1.09236395 -1.36263138  1.69026933 -0.44675338 -0.88031246
  2.0289328 ]
[ 2.48300206 -1.17703712 -1.33123109  1.42976942 -0.51026426 -0.74694845
  1.93640716]
[-3.1        -0.70458671 -0.13403562 -0.96912578 -0.16934107  0.91521295
 -6.0872033 ]
[ 0.49732163  0.57884347 -0.63952644  1.42556321  0.05020259 -1.15513896
  3.38146802]
[-2.71945332 -0.92949179 -1.31310003 -0.91440052  0.24634258  0.82561591
 -5.43073358]
[ 2.39057421 -1.36506785 -1.03793414  1.61053644 -0.37559707 -0.65919604
  1.55880398]
[ 2.76962132 -0.45190569 -2.64148419  1.48323702 -0.27312408 -1.08961809
  3.04372774]
[ 0.64592978  0.77655964 -1.20311004  1.27429243  0.16101691 -1.01022752
  3.80417029]
[-0.49559883  0.89591265  1.20754906  0.94475955  2.49810596  0.65298225
  5.85640991]
[ 0.40380363  0.53829591 -0.48626142  1.34324619  0.00536645 -1.06677562
  3.31081419]
[ 0.5293528   0.80325259 -0.98909625  1.14763017  0.18069757 -0.99030842
  3.6573621 ]
[ 1.11499293 -0.23985546 -0.9221453   1.61250833  0.75255238  0.25393342
 -0.51149255]
[ 2.48007544 -0.99759494 -1.61713756  1.42856257 -0.49862074 -0.88469041
  2.23757384]
[ 0.39942249  1.51165184 -2.44847877  1.4215668   0.46556313 -0.8038813
 -1.15879703]
[ 0.44199917  0.64940093 -0.58339353  1.29446949  0.07002053 -1.10102324
  3.36273586]
[-0.11055879  1.12528193  2.6341678   0.4013785  -0.93403149  0.04056017
 -4.80966456]
[ 0.31818201  1.05006275  1.30159822 -0.52151279  0.56767866  0.44197491
  1.10505345]
[ 2.26800546 -1.1591183  -1.28909121  1.7207502  -0.43302724 -0.85920809
  1.9231596 ]
[-2.90810084 -0.56374176 -0.34641338 -1.12738416  3.05847676 -0.91146411
  3.35218925]
[ 2.34134124 -0.54115074 -2.07574167  1.60601713 -0.38527098 -1.069469
  2.83458239]
[-2.9524111  -0.75981682 -0.54068636 -0.93146701  3.1        -0.91593701
 -2.72269073]
[ 0.75220137  0.05699464 -0.57773299  1.68093373 -0.77796739 -0.592974
  0.02731723]
[-2.94703834 -0.83575649 -0.91693002 -0.63441112 -3.09999997 -0.67525344
 -2.4089728 ]
[ 3.09276896 -1.48114377 -0.05251847  0.86647694 -2.34169155  0.21526562
 -3.86698121]
[ 2.65232437 -0.51906382 -2.52707827  1.51197564 -0.34505036 -1.14222045
  3.01971375]
[ 0.42608003  0.70942663 -0.553245    1.2243933   0.10036601 -1.08902808
  3.33424006]
[ 2.42435678 -0.88440635 -1.64785477  1.51715224 -0.40682954 -0.94043773
  2.27694452]
[ 0.51329573  0.5129347  -0.65923876  1.47968404  0.01355669 -1.15142893
  3.39220047]
[ 0.14191012  0.60442031 -0.18210812  1.27239409 -0.09651867 -1.10203676
  3.2510766 ]
[-0.04638188  1.60519074 -3.1         1.28249579  0.46425446 -0.50184552
 -0.42166045]
[ 0.42481939  0.52866673 -0.42524112  1.47984207  0.03434887 -1.19157
  3.2261841 ]
[-0.14639134  0.69123767  0.27089874  0.93352044 -1.0213381  -1.51395278
  5.78885102]
[ 2.89236389 -1.57757527 -0.40202807  1.32053109 -3.1         0.43178585
  3.54055998]
[-3.09981439 -0.73132677 -0.10010893 -1.03831877 -0.15306483  1.00482485
 -6.14268746]
[ 2.53328658 -0.98148357 -1.68010336  1.36552798 -0.50294648 -0.8815371
  2.28385279]
[ 0.46487018  0.51560763 -0.56454211  1.42173639  0.0132293  -1.11003364
  3.33632123]
[ 2.2523942  -1.12633386 -1.30283045  1.7387808  -0.41630136 -0.88181995
  1.94648799]
[ 2.99801384 -0.45857368 -2.92725604  1.4405483  -0.20825087 -1.10497079
  3.12040626]
[-0.53482235  0.90655801  1.09018736  1.13186334  2.53714701  0.8633327
 -0.40772874]
[ 0.10320094  0.72953225 -0.28215056  0.79313064  3.00563109  0.76479728
 -5.98837772]
[ 1.16513254  0.51165692 -1.78124038  1.55421576 -0.74916929 -1.10380586
  0.55352422]
[-3.099999   -1.64741372 -3.01326861 -1.06683668  0.80832551  0.30901798
 -4.05362037]
[-0.12920703  1.64657336  2.87904573  1.15715908 -2.98724224  0.25010754
  3.23864527]
[-0.47947721  0.69423659  0.85846038  1.08574329 -0.46883334 -0.79240983
 -3.36024334]
[-0.25414408  1.23742628 -0.60644735 -0.70520095 -3.1        -0.11102493
  0.65840908]
[ 0.36639671  0.63329801 -0.38776175  1.2244535   0.04721498 -1.04471274
  3.22905807]
[ 3.09145004 -1.50967164 -3.09290459 -1.04729131 -2.51668323 -0.38522044
  5.68043313]
[ 2.26617291 -1.14232739 -1.25945196  1.69734352 -0.39847605 -0.83018256
  1.90180288]
[ 0.36382987  0.65601422 -0.80139953  1.08021764 -0.02516928 -0.91590857
  3.6795674 ]
[-0.17183621  1.68580053  2.912789    1.08499071  0.6060481  -0.15355489
 -0.35088143]
[ 2.40127544 -1.29299014 -1.17301447  1.5601171  -0.47181505 -0.70629825
  1.75719465]
[-0.27009854  1.57395354  2.63930319  1.00313421 -0.41260562 -0.11932099
  0.92550023]
[ 0.23114274  0.7555109  -0.18507319  0.94046145  0.00397482 -0.90415616
  3.14740914]
[-2.48763964 -0.58406841 -1.00041248 -1.40754147 -3.09999999 -1.06744968
 -2.66336738]
[ 2.57546259 -0.46615449 -2.37775833  1.53264058 -0.31184868 -1.07486398
  2.94892683]
[ 0.50193384  0.59113066 -0.63688811  1.43277319  0.06152634 -1.17110239
  3.37399432]
[ 0.3880923   1.43524884  0.93846288 -1.04482591 -2.40263393 -0.66284789
 -1.69238589]
[ 0.48349701  0.51709009 -0.54128169  1.4889155   0.03489881 -1.17458856
  3.29382851]
[ 3.06951295 -0.49622055 -3.1         1.386386   -0.21528241 -1.11443726
  3.23634549]
[ 0.44271597  0.71384433 -0.60265439  1.23916336  0.1069072  -1.09830092
  3.37028866]
[ 3.04770699 -1.13714475  2.91266444 -0.39058041 -1.43392406 -0.13336086
  4.84484704]
[ 0.45400836  0.47678819 -0.46519104  1.55642167  0.0195145  -1.21487068
  3.24277864]
[-0.60740159  0.76458958 -1.93920109 -1.37621038 -0.40466355  0.93785133
  5.6868146 ]
[ 0.45933602  0.83167832 -0.93575206  1.08122854  0.1754858  -0.9825874
  3.65291139]
[ 0.55266764  0.76270792 -1.01565761  1.27622757  0.14092238 -1.07909296
  3.69564701]
[-0.04758665  1.55952701 -0.19181306 -1.11589483 -2.98005658 -0.31705242
 -6.28      ]
[ 0.43171937  1.22466777  1.03471856 -1.06665387 -2.70105986 -0.74482961
 -1.59736318]
[ 0.58178747  0.50798504 -0.75295146  1.60085813  0.02319699 -1.24648694
  3.4297688 ]
[ 2.45721858 -0.81368609 -1.79283263  1.53199082 -0.3943851  -1.01360544
  2.39637253]
[-3.1        -1.53389262  0.13072109  1.18681159  0.45983554 -0.49680749
  5.73219943]
[-2.9944643  -0.76440109  2.45685018  0.59601291 -0.09519198 -0.61037997
  3.78782437]
[ 2.92595867 -0.77957566  0.82624257 -0.65223191 -0.49413937  0.50218532
  6.01634319]
[ 0.38513074  0.7152585   2.34445706 -1.10722144 -3.09999908 -0.97489149
  3.62803488]
[ 0.50350929  0.5089174  -0.58871593  1.50065321  0.02868551 -1.17322768
  3.32591066]
[ 3.07774164 -0.53801077 -3.09989681  1.32216162 -0.21321849 -1.09103826
  3.23334547]
[ 2.48012642 -1.24279611 -1.3121349   1.44992837 -0.56538666 -0.74313536
  1.92312568]
[-2.96872475 -0.71835802 -0.61206919 -0.68749477  3.03044398 -0.64986777
  3.70637894]
[ 2.76746753 -0.50469971 -2.48999779  1.41812701 -0.24505525 -1.03187978
  2.8894628 ]
[ 0.45686065  0.48302594 -0.56409125  0.99178874 -2.27698607  0.28566338
  1.4596977 ]
[ 2.72655698 -0.57131224 -2.51948884  1.20743721 -0.37039879 -0.89337357
  3.04130615]
[-2.84517344 -0.78067972  2.37512106  1.0263052  -3.09999389  0.98169865
 -5.76195858]
[ 3.1        -0.22605586 -2.64162151  1.46205642 -2.35003079  0.79204861
  1.11602994]
[ 0.53721448  0.48126794 -0.64267187  1.5600935   0.0166743  -1.20027939
  3.35288303]
[ 0.4116303   0.55970905 -0.45578142  1.33446726  0.03113797 -1.07594427
  3.26631196]
[ 2.75788656 -1.40205488  2.26510362 -1.06859936 -0.62336961  0.34963122
 -1.62630732]
[ 0.29333533  0.70407441 -0.29595558  1.06615784  0.03250215 -0.9692655
  3.19766745]
[ 2.66258169 -0.72196478 -2.1108      1.35581957 -0.34280617 -0.99600413
  2.59552066]
[ 0.52236109  0.90456882 -1.03261031  0.98093606  0.29424609 -0.88468131
  3.62788357]
[ 2.40598298 -1.2331047  -1.307984    1.52631641 -0.54620806 -0.76198107
  1.93655926]
[ 2.2831459  -1.12994745 -1.34247018  1.69804982 -0.45399872 -0.87890163
  1.98352145]
[ 2.72314915 -0.43399416 -2.52949473  1.51325087 -0.2495167  -1.07584263
  2.96671215]
[-0.29860416  1.25962689 -0.61981722 -0.79358949 -3.1        -0.1568264
  0.69362009]
[ 0.55575085  0.20900686 -0.82377258  1.25761141 -1.03527575 -0.40131675
  4.80977665]
[-0.31557195  1.61443516 -0.62757133 -1.17929513 -0.53230483  0.27115631
  4.26225632]
[ 0.5250119   0.49330011 -0.63662371  1.52175993  0.01771139 -1.17493398
  3.35743206]
[ 2.55063238 -0.90988209 -1.83038115  1.24351581 -0.53474759 -0.83372736
  2.49644588]
[ 0.38646669  0.65910412 -0.45449853  1.21991661  0.0613453  -1.05658463
  3.27628901]
[ 0.55840936  0.7968873  -1.0105156   1.14815211  0.18998805 -0.97045144
  3.65122404]
[ 2.62979114 -0.52234896 -2.47421227  1.45110893 -0.35492494 -1.07018043
  3.01077018]
[ 0.20251035  0.26220947  0.51863017  1.02265366 -0.98904031  0.86146031
  2.04544626]
[ 0.45379903  0.77996838 -0.92646973  1.04357937  0.129859   -0.91550876
  3.66086863]
[ 3.00075777 -0.73425392  0.25112146 -1.02459382 -0.29221013  0.95847069
 -6.27999979]
[-2.24874563 -1.4350563   1.28227208  1.23182061  1.4765067  -1.3156925
  1.29544864]
[ 3.09341867 -0.81111728 -3.1         0.34644169  2.66197534  0.41956244
 -5.86003137]
[ 0.2867365   0.76534357 -0.22175782  1.04183537  0.05054661 -1.00804395
  3.12067433]
[ 0.43319386  0.50730157 -0.42571855  1.4741202   0.0316717  -1.16490231
  3.21840992]
[-2.79302135 -0.62796494 -0.72713509 -1.17779413  3.09999849 -0.99799537
 -2.66199822]
[ 0.41468071  0.49362833 -0.41258363  1.39572879  0.01717843 -1.07753554
  3.2215174 ]
[ 0.4186476   0.65275575 -0.52212978  1.26334855  0.06828466 -1.0828525
  3.31848165]
[ 0.00862907  0.41653045  3.00941605 -1.44915331  2.92588539 -1.11672453
 -2.93898504]
[ 3.0755572  -1.53542662 -3.1        -1.46553298  0.34432705  0.73695985
 -3.39689251]
[ 0.57043023  0.53715209 -0.74975258  1.58386069  0.03641545 -1.25447072
  3.43737649]
[-0.61269419  1.28067395  2.06173492  1.35435318 -0.43091462 -0.57183292
  1.63677764]
[ 2.34274166 -0.92458576 -1.5574551   1.60902463 -0.41478804 -0.951227
  2.21794048]
[ 2.95391201 -0.61687771 -2.80674624  1.0225198   2.83384425  0.82829165
  6.28      ]
[-3.09833099 -0.03243756 -0.16884883 -1.57603423  2.82957422 -0.87270735
  3.42888501]
[ 3.05009957 -0.73454402 -2.74908598  0.59792368  2.75196878  0.51703912
  6.28      ]
[ 2.62430972 -0.9676784  -1.60015794  1.10703454 -0.50168524 -0.65768606
  2.2472215 ]
[-0.03363729  1.61103124 -0.13709467 -1.03478439 -2.75651208 -0.20126316
 -0.27461319]
[ 0.49090949  0.8479306  -0.94691261  1.09877826  0.20755043 -0.99460237
  3.62975954]
[ 3.1        -0.53801333 -3.07247318  1.2422463  -0.19782841 -1.00366402
  3.19793574]
[ 2.51322459 -0.90507229  1.49362103 -1.32584757 -0.43100724  0.80892333
 -0.86338642]
[ 0.20676138  0.25368094 -0.17474173  1.31489969  0.37036966 -0.22116702
 -0.57543393]
[ 3.07613379 -0.55775209 -3.09941818  1.23131493 -0.22401144 -1.02185465
  3.25256819]
[-0.23547509  1.33835931 -0.50521471 -0.76726753  0.12412903  0.09838625
  3.59153717]
[ 2.98065239 -1.67030729 -0.27390643  1.12256815  0.24973681 -0.18602021
 -6.25759068]
[ 0.39353051  0.47487406 -0.34396665  1.52751659  0.01699214 -1.19632902
  3.17101717]
[-0.11959978  0.44885317  0.21663296  1.0040773  -0.57020354 -0.19785153
  4.02371768]
[-3.07374278 -0.42379847  2.93658406  1.47317525 -0.19351451 -1.14652531
 -2.9278725 ]
[ 0.29737427  1.21186469 -2.21329069  0.85295795 -2.60522016  0.61287504
  1.59634944]
[ 3.04944388 -0.57401564 -3.07884173  1.20864784 -0.24280069 -1.01650746
 -3.02062679]
[ 0.57456302  0.79044913 -0.99946149  1.18054405  0.19305275 -0.99328744
  3.6310022 ]
[ 2.98501749 -1.62277746  2.85641106 -1.04124764 -2.85969519 -0.15120918
 -6.27667683]
[ 2.81768122 -1.37132363  2.19358599 -1.01156778 -0.7072895   0.39209176
 -1.51423099]
[ 3.1        -0.69147636 -2.96187742  0.84115746  2.89556711  0.74256811
 -6.26464479]
[ 0.56598001  0.89996351 -1.16074402  1.04793761  0.28750792 -0.89475298
  3.73891464]
[ 2.48152728 -1.20312547 -1.36282384  1.41315459 -0.57651626 -0.74500463
  1.99927433]
[ 2.50503193 -0.98985829 -1.6883633   1.4061579  -0.52003212 -0.90984634
  2.30093089]
[ 0.51101907  0.47683597 -0.58344582  1.53676229  0.01784065 -1.18089397
  3.31407698]
[ 2.92939243 -1.31115225  0.0428881   1.05652519  1.54011393 -1.47294709
 -2.97535999]
[ 0.43176695  0.88795751 -0.89432715  1.04191145  0.21352232 -1.00088206
  3.61339943]
[ 2.55736701 -0.85319143 -1.85015853  1.14466212 -0.52668905 -0.7366137
  2.56679947]
[ 0.23406277  0.71441413 -0.61386866  1.0331468   3.09999841  0.96443293
  0.45719154]
[ 0.51138344  1.10082321  1.47340969 -1.15441105 -2.76426145 -0.93974051
 -2.00685419]
[ 4.34061468e-01  5.03658415e-01 -5.17993172e-01  1.39493576e+00
 -2.41822932e-04 -1.08083902e+00  3.31775124e+00]
[-0.70099417  0.8025136  -1.76236394 -1.2408013   2.6574965  -0.7280991
 -3.74157493]
[ 0.4348855   0.49680992 -0.43379628  1.52180028  0.02529961 -1.20249153
  3.22696069]
[-0.02598354  1.3396118  -3.04077606  0.77542923  0.79072833 -0.31973904
  5.4369549 ]
[ 3.09688675 -0.5170414  -3.03001231  1.30132785 -0.18175326 -1.03384128
  3.14555783]
[ 1.05090967e-03  1.45133398e+00 -3.09999999e+00  8.10468157e-01
 -2.23945593e+00  2.28936484e-01  2.20564182e+00]
[ 2.71562988 -0.7121427  -2.22551873  1.05755935 -0.42178059 -0.76251068
  2.80069226]
[ 2.41416503 -1.21363725 -1.3160333   1.46290455 -0.56199784 -0.72069832
  1.98128285]
[-2.50308635 -0.8059429   1.96040247  1.25392366 -2.94636983  1.00988471
  0.63422294]
[ 3.1        -0.4452521  -3.07391049  1.46849596 -0.17763653 -1.13503401
  3.16954309]
[-2.78374704 -0.80902767  2.02544569  0.82088878 -3.04613809  0.74370772
 -5.49979989]
[ 0.44017621  0.60744205 -0.53020005  1.33266845  0.05663843 -1.10693621
  3.31362689]
[ 2.48655794 -1.00858286 -1.62645425  1.42111044 -0.51415924 -0.88699194
  2.24675107]
[-0.28457751  1.5665132   2.55601763  1.01004395  2.43257944  0.15763186
 -1.85811208]
[-0.11732018  1.67440926 -0.07911383 -1.19744033  0.571187    0.32380277
  2.71641922]
[ 2.81803654 -0.51890186 -2.73313416  1.38761195 -0.30450473 -1.07928359
  3.10567662]
[-2.9568928  -1.48154088  0.40708389  1.30807447  0.43152525 -0.71322142
  5.48131457]
[ 2.90305005 -0.57758623 -2.82884517  1.37689957 -0.28015743 -1.14195439
  3.10654545]
[ 3.1        -0.61803133 -3.04279436  0.94860619  2.90547354  0.78976017
 -6.19715069]
[ 0.41138915  0.72037112 -0.56932298  1.1907967   0.09483806 -1.06735917
  3.36174295]
[-0.39724098  1.44355227  2.58197204  1.24110202 -3.1         0.39860228
 -2.48848418]
[ 3.08677718 -1.66793789 -3.1        -1.42745665  0.42025322  0.57778592
  2.78361037]
[ 0.501971    0.51083947 -0.58105539  1.54028318  0.03080947 -1.21504575
  3.3204415 ]
[ 2.93734291 -1.45505093  2.74651785 -0.98065064 -3.01308911 -0.22375391
 -5.97365652]
[ 2.93731724 -0.5813265  -2.86766489  1.38039018 -0.26305895 -1.15579975
  3.1099836 ]
[ 3.08071038 -0.59480079 -3.077552    0.98815245  2.88644462  0.81618171
 -6.13923561]
[ 0.64007904  0.52300144 -0.88813173  1.65668681  0.02163041 -1.28958408
  3.52097908]
[-0.44814711  1.2412547   2.15166005  0.91176738  2.47935748  0.27040591
  4.91818122]
[ 0.38343866  0.74352832 -0.52422371  1.13242741  0.09485764 -1.04057774
  3.33484576]
[ 0.01817173  0.71221879  2.9068107  -0.57261986 -0.29214362  0.55835795
  0.46084765]
[ 2.94172019 -0.54381607  0.25495986 -1.40143442 -0.25566087  1.1450249
  6.26924447]
[ 2.64479939 -0.45681077 -2.4699175   1.54173167 -0.29245434 -1.10485816
  2.97270815]
[ 3.09428227 -1.5132436   3.08636698 -0.88342948 -2.30386727 -0.20203295
 -0.76488493]
[ 0.52013962  0.94379878 -1.11724457  1.0051694   0.31797364 -0.91091509
  3.7103893 ]
[-2.93741256 -0.69629146 -0.25687424 -1.00654439  3.1        -0.91809691
 -3.01818677]
[ 0.180281    0.80521065  2.32129651 -0.47319608 -0.01476116  0.50270106
  0.69223139]
[ 0.11438478  0.60466071 -0.29397019  0.9187953   2.96484758  0.77201631
 -5.95918256]
[ 3.07279371 -0.59604415 -3.09944738  1.0810839  -0.24669937 -0.913812
  3.28896792]
[-0.38454576  0.83945431  1.06530054  0.69986054  2.43389308  0.49810801
 -0.21762714]
[ 2.66963607 -1.31820558 -1.12398596  1.09932427 -0.71823121 -0.46523265
  1.86657648]
[ 0.57739495  0.6657113  -0.9830376   1.22390094  0.07912858 -0.96425924
  3.65046976]
[-0.0214185   0.64447608 -0.05087514  1.06273009 -0.21610716 -0.95088832
 -2.96094077]
[ 2.47909094 -0.48305113 -2.26289586  1.59411277 -0.33341276 -1.10435785
  2.90353597]
[ 0.27227589  0.77913127 -0.20620374  0.98154978  0.04378018 -0.96346587
  3.11728252]
[ 2.28859202 -0.99210028 -1.41895142  1.64628348 -0.39908696 -0.89581037
  2.09670344]
[ 0.57386339  0.72456144 -1.09376046  1.18501711  0.10465548 -0.94919514
  3.75702353]
[ 3.1        -0.56727943 -3.0811399   1.11588338 -0.21637735 -0.91035993
  3.23281545]
[ 0.31783168  0.43816619 -0.19008003  1.54446157  0.00577375 -1.18763272
  3.08008065]
[-2.35275639 -0.61764118  1.46248726  1.1636881  -0.78310076 -1.15808721
  1.08838892]
[ 4.28031480e-01  4.20875831e-01 -4.09515482e-01  1.65266496e+00
 -1.97469181e-03 -1.26551741e+00  3.20796158e+00]
[ 0.50527861  0.55334294 -0.64061737  1.4537842   0.03942954 -1.16052984
  3.37732179]
[-2.72800599 -0.63106361  2.22500023  1.12088869  3.09999789  0.91989061
  0.62209502]
[ 0.49933855  0.51205911 -0.57827849  1.49870207  0.03104908 -1.17521822
  3.31861335]
[-0.17695808  1.5548033  -0.18235908 -1.20405781  0.37705672  0.39873585
  3.03687938]
[ 0.72883977  0.51848971 -1.05733281  1.71493816  0.00572448 -1.30747888
  3.61882687]
[ 3.1        -0.65591597 -3.01430722  0.88112304  2.89732358  0.75602536
 -6.21476245]
[-3.09999939 -1.65236652 -2.9958046  -1.12816613  0.72152405  0.36074456
  2.31364889]
[ 0.45269346  0.56871705 -0.56719652  1.37230305  0.03391129 -1.10858379
  3.34619724]
[ 0.43089554  0.77942887 -1.17673874  0.86487183 -3.05415688  0.72712745
  0.79707051]
[ 3.06899457 -0.56689248 -3.09966316  1.00579809  2.87019423  0.81364767
 -6.0963502 ]
[ 0.22485214  0.55148955 -0.28630659  1.19536627 -0.075263   -0.9654665
 -2.99249424]
[ 0.36391348  0.76118302 -0.81176967  0.96981662  0.07020484 -0.87899687
  3.63931904]
[-2.48009896 -0.81914824 -1.4711778  -1.26723252  0.12845564  0.96847755
  0.93673894]
[ 3.08650694 -0.46479864 -3.09999999  1.26196055  2.92138686  0.95897284
 -6.16857346]
[ 0.44887513  0.9107523   2.00659374 -0.62625657  0.32378528  1.63781494
  2.84289956]
[-2.51542177 -1.38881857 -2.15801054 -1.39047241  0.4544907   0.82033379
 -4.70769484]
[-3.1        -0.71211146  2.93953397  1.07705872 -0.15838714 -1.03836291
 -2.89994519]
[-0.58797828  0.90093921  1.34854869  0.77530421 -2.3801248  -1.14454372
  0.81403924]
[-0.48012615  0.49985494  0.63952509  1.44268314  2.81087752  1.05329352
 -0.12756348]
[ 2.43386857 -1.24618583 -1.24708659  1.52159676 -0.49675606 -0.74213701
  1.83682463]
[ 2.78322243 -0.51450419 -2.67969324  1.38661221 -0.31373115 -1.06146344
  3.08791899]
[ 0.41865538  1.4393085   0.88108132 -1.07987142  0.69009573  0.63391915
  1.52617949]
[-0.46696448  1.55109173  2.53809022  1.4718507  -0.04775725 -0.50154604
  0.7627476 ]
[-0.27409792  1.44743798 -0.61247782 -1.00165457  2.78154227 -0.23624504
 -5.29050879]
[ 2.65695277 -0.52660927 -2.50252626  1.44814393 -0.34650183 -1.07962758
  3.01140475]
[-2.51060196 -0.89526077 -1.49323978 -1.36385308  0.18559734  1.08975317
  0.98515899]
[-0.32196412  0.82914883 -2.23865436 -0.841126    2.62254597 -0.67459445
  2.83069077]
[ 3.1        -0.68919758  0.0395759  -1.14597306 -0.20583148  1.06334964
  0.07824809]
[ 2.36071967 -1.38442643 -1.09509932  1.62457202 -0.46582096 -0.66570952
  1.66590939]
[-2.86418501 -0.83259685  2.20638623  0.78428114 -3.05633074  0.77718577
 -5.61691246]
[ 0.66002178  1.13210108 -1.94205746  1.30607474  0.29940758 -0.88721762
  4.51614739]
[-0.09038285  0.72465397  0.29875979  0.74084505  2.82064441  0.66138326
 -6.27811422]
[ 2.85307254 -0.76706064 -2.55032426  1.04318991 -0.39963725 -0.91592595
 -3.3107028 ]
[-3.1        -0.6072052   3.03275253  1.28275106  2.98316632  1.12642626
 -6.14907402]
[ 0.52226036  0.58568565 -0.70380563  1.45530392  0.05260052 -1.17955173
  3.42761439]
[ 0.01245327  0.39150474  0.3572024   1.03135744 -0.35721194 -0.38729328
  0.26907777]
[ 0.37753013  0.64496262 -0.40790357  1.23187888  0.05655612 -1.0599374
  3.23802072]
[ 0.44668023  0.85661638 -0.92974004  1.03911473  0.19499785 -0.96416698
  3.64264732]
[ 0.22681263  0.39752128  0.43662261  0.18280744 -0.26766909  1.34263659
 -0.06320743]
[ 0.23922219  1.27021387  0.65559367 -0.69721323  0.76202828  0.40026881
  1.64195754]
[ 2.47395796 -1.0212808  -1.66667202  1.37627737 -0.57753869 -0.86553501
  2.33752715]
[ 2.3718429  -1.33240534 -1.12442418  1.60900852 -0.44794867 -0.6939842
  1.69497094]
[ 2.32047467 -1.006796   -1.43015715  1.63033782 -0.40911168 -0.90072193
  2.08391217]
[ 2.82115954 -0.95937001 -2.00085964  1.01571954 -0.50655112 -0.82629291
  2.49679745]
[-0.38329157  0.8063572   1.2135828   0.75176805 -0.56444521 -0.45665535
  2.66011953]
[-2.96356407 -0.60349252 -0.28424899 -0.99641012 -0.10739432  0.8275903
  0.21357033]
[-2.8476471  -0.90553096  1.87612878  0.54003647 -2.89086297  0.53676718
 -5.45102582]
[-0.21249717  1.36713148 -0.36801726 -0.83763066 -2.69036632 -0.1743013
  6.28      ]
[-2.71125823 -0.79046345 -1.00231693 -1.12151857  0.10722186  1.00273649
  0.63287282]
[ 3.0425308  -0.54023691 -3.1         1.27849009 -0.24579418 -1.05769433
  3.28199791]
[-3.1        -0.65312159 -0.11907526 -0.74260373 -0.23386791  0.64171046
  0.26507592]
[-2.99771326 -0.54151762  2.93643518  1.36940118  3.03014216  1.13934805
 -6.1518472 ]
[-0.22026819  0.48263618  0.31641576  1.26013432  2.87748744  0.93764333
  6.27999999]
[-2.84890994 -0.47224024  2.59793614  1.26044886 -0.1407323  -0.96458918
  3.51970791]
[ 0.6321521   0.60157312 -1.01186877  1.3065014  -3.09999996  0.98501234
  0.50591302]
[-3.1        -1.56572701 -2.99191077 -1.32414736  0.41373388  0.60092575
  2.64263984]
[ 2.66671841 -0.46621498 -2.50644541  1.53408619 -0.29702914 -1.1152531
  2.98881568]
[-0.09611882  0.38386696  0.05622752  0.98863391  0.99192007  0.52588184
  2.61107406]
[ 3.07710806 -0.7065185  -3.00616684  0.99170849  2.9028188   0.91511463
 -6.23953047]
[ 0.43953427  0.8585431  -0.91807094  1.1226929   0.18295329 -1.05264069
  3.65618918]
[ 0.46060328  0.79457538 -0.93899295  1.05421755  0.14520199 -0.93092091
  3.66280882]
[ 3.11274210e-01  4.60532681e-01 -1.97559747e-01  1.56226096e+00
  2.38649104e-03 -1.22786743e+00  3.09454988e+00]
[-2.80445921 -0.91645812  2.04466892  0.93054382 -2.94829145  0.92253846
 -5.5485287 ]
[ 2.64997493 -0.94414137  1.28655669 -1.14770869 -0.54059086  0.8105889
 -0.67128007]
[-0.14568187  0.7424113  -2.801248   -0.99439225  2.84303991 -0.91588304
  3.0706277 ]
[-0.00539408  1.37744812 -3.09999993  0.73325944  0.92004603 -0.22832993
  5.33194052]
[ 2.56167688 -1.10500391 -1.57380959  1.30319029 -0.59721354 -0.80908053
  2.20454428]
[ 2.36620804 -0.85618699 -1.59546304  1.31241591 -0.4663303  -0.705097
 -3.88517707]
[ 3.05755614 -0.53018772 -3.1         1.21723488 -0.24396953 -0.98523923
  3.28530683]
[ 2.46352595 -1.06360541 -1.56730984  1.38452865 -0.57370808 -0.82060729
  2.24195475]
[-1.7443687  -0.50434616  1.96887644  1.81484989  0.3854116  -1.19312153
  3.13051337]
[ 0.48594558  0.74170863 -0.84188179  1.20969584  0.11913397 -1.05043696
  3.57129402]
[ 3.09882933 -0.68852869 -2.94558878  1.15723208 -0.18963788 -1.04573491
  3.05761677]
[ 0.35345529  0.66447663 -0.39018547  1.17570497  0.05055366 -1.02730182
  3.23993848]
[-3.07212108 -1.30152971 -2.83811615 -0.76935263  0.70916135  0.38858413
 -4.14679662]
[ 0.43808676  0.57012516 -0.53709858  1.35380886  0.03281584 -1.09596836
  3.32757951]
[ 2.32762963 -0.98028467 -1.53379984  1.61590282 -0.46033141 -0.9377587
  2.20231888]
[ 0.09778041  0.39972001  2.86939548 -1.29303228 -0.22638544  0.95247294
  0.30603563]
[ 3.07252187 -1.45139424 -0.21111481  0.86999783 -2.75590409  0.17928203
 -3.32056194]
[-2.7246769  -1.47921232  0.89035467  1.27790994 -2.52938104  0.7852188
  1.66289777]
[-0.33924512  1.47792766  2.63062768  1.14668213 -3.09999999  0.30522351
  3.70664759]
[ 3.07433708 -0.59184423 -3.09933693  1.08138677 -0.24587344 -0.90965754
  3.28805809]