[array([ 2.78000000e-01, -4.61434818e-05,  6.78221426e-01]), 0.3706293706293706]
[array([0.47366628, 0.00530081, 0.51128921]), 0.11188811188811189]
[array([0.49406118, 0.01601507, 0.52703048]), 0.26573426573426573]
[array([0.44265788, 0.00477979, 0.51764378]), 0.3006993006993007]
[array([0.46252833, 0.00397317, 0.50722275]), 0.3146853146853147]
[array([0.45037089, 0.00286097, 0.50045048]), 0.3006993006993007]
[array([0.45410255, 0.01296343, 0.50578237]), 0.006993006993006993]
[array([0.44589113, 0.02158634, 0.50174538]), 0.32167832167832167]
[array([0.48273832, 0.05855694, 0.50364356]), 0.3076923076923077]
[array([0.45045162, 0.00212917, 0.5319455 ]), 0.3006993006993007]
[array([0.4941829 , 0.06390961, 0.50315308]), 0.2937062937062937]
[array([0.46120736, 0.05463258, 0.51602515]), 0.2867132867132867]
[array([0.49186955, 0.03452603, 0.52985369]), 0.04195804195804196]
[array([4.70463528e-01, 5.13590683e-04, 5.54747416e-01]), 0.2867132867132867]
[array([0.48915266, 0.03218799, 0.53582145]), 0.07692307692307693]
[array([0.44507768, 0.00557383, 0.5382318 ]), 0.2867132867132867]
[array([0.36110405, 0.09271734, 0.51499391]), 0.6573426573426573]
[array([0.45144195, 0.0535831 , 0.50319787]), 0.2867132867132867]
[array([0.46517914, 0.02417872, 0.51697586]), 0.013986013986013986]
[array([0.46734385, 0.0660313 , 0.50341181]), 0.2517482517482518]
[array([0.47830096, 0.04744981, 0.51669487]), 0.26573426573426573]
[array([0.47321611, 0.00594725, 0.57574747]), 0.09090909090909091]
[array([0.49427436, 0.01907548, 0.53659137]), 0.1888111888111888]
[array([0.4899696 , 0.01642616, 0.55796305]), 0.27972027972027974]
[array([0.48933565, 0.00787959, 0.55173768]), 0.2867132867132867]
[array([0.47652796, 0.04982507, 0.52404895]), 0.24475524475524477]
[array([0.33823132, 0.05010679, 0.50265838]), 0.09090909090909091]
[array([0.44125129, 0.0398101 , 0.50900574]), 0.2867132867132867]
[array([0.46035175, 0.06454312, 0.50967525]), 0.23076923076923078]
[array([0.49725189, 0.01055001, 0.53902531]), 0.2867132867132867]
[array([0.35314057, 0.13980593, 0.50653915]), 0.13286713286713286]
[array([4.98446855e-01, 5.14249333e-04, 5.91062265e-01]), 0.02097902097902098]
[array([0.49616834, 0.01669331, 0.5563802 ]), 0.02097902097902098]
[array([0.42569483, 0.00088613, 0.51014962]), 0.2867132867132867]
[array([0.47326442, 0.07296503, 0.5009768 ]), 0.2517482517482518]
[array([0.46480065, 0.03918392, 0.51138411]), 0.27972027972027974]
[array([0.37534859, 0.1213143 , 0.54400816]), 0.35664335664335667]
[array([0.49670087, 0.02430268, 0.51177696]), 0.006993006993006993]
[array([0.45097726, 0.04528213, 0.50954557]), 0.2867132867132867]
[array([0.48651829, 0.00551168, 0.50574905]), 0.1048951048951049]
[array([0.49838153, 0.02394861, 0.56701024]), 0.03496503496503497]
[array([0.36420762, 0.08369424, 0.54551064]), 0.13286713286713286]
[array([0.49109193, 0.01854359, 0.516605  ]), 0.3776223776223776]
[array([0.47708693, 0.03060386, 0.52151536]), 0.08391608391608392]
[array([0.46867188, 0.003899  , 0.55642924]), 0.09090909090909091]
[array([4.68443640e-01, 3.14951792e-04, 5.65489619e-01]), 0.06293706293706294]
[array([0.49429951, 0.00446847, 0.50115886]), 0.1258741258741259]
[array([0.49886379, 0.0102474 , 0.51614768]), 0.2937062937062937]
[array([0.4405374 , 0.06140743, 0.50547381]), 0.20279720279720279]
[array([0.49361117, 0.02108377, 0.51731411]), 0.1258741258741259]
[array([0.44149728, 0.01205955, 0.52290212]), 0.2867132867132867]
[array([0.47195711, 0.0689104 , 0.50019337]), 0.2517482517482518]
[array([0.48765441, 0.0419981 , 0.51983795]), 0.2867132867132867]
[array([0.4613257 , 0.03646308, 0.51810138]), 0.25874125874125875]
[array([0.47508395, 0.02556277, 0.54019019]), 0.27972027972027974]
[array([0.45227655, 0.01392235, 0.52211964]), 0.3006993006993007]
[array([0.44050976, 0.03264233, 0.50322579]), 0.3006993006993007]
[array([0.47139381, 0.01964356, 0.56548498]), 0.06293706293706294]
[array([0.48994793, 0.00933838, 0.53020187]), 0.11888111888111888]
[array([0.40226278, 0.05992853, 0.53663395]), 0.03496503496503497]
[array([0.48114358, 0.03345382, 0.53819348]), 0.06993006993006994]
[array([0.44788916, 0.05471696, 0.51815985]), 0.25874125874125875]
[array([0.49679088, 0.0706078 , 0.52220152]), 0.25874125874125875]
[array([0.42828763, 0.02098355, 0.5014523 ]), 0.32167832167832167]
[array([0.48123192, 0.02865827, 0.50443024]), 0.09090909090909091]
[array([0.4652884 , 0.02650598, 0.52040673]), 0.2937062937062937]
[array([0.46864583, 0.0750165 , 0.51305003]), 0.20279720279720279]
[array([0.42931811, 0.00098127, 0.52400701]), 0.2867132867132867]
[array([0.38860997, 0.14082556, 0.50603874]), 0.14685314685314685]
[array([0.49632212, 0.01835824, 0.51666794]), 0.03496503496503497]
[array([0.33936004, 0.13917671, 0.51284433]), 0.6293706293706294]
[array([0.49425846, 0.09540436, 0.50062698]), 0.20279720279720279]
[array([0.46393821, 0.07038436, 0.51060323]), 0.21678321678321677]
[array([3.89462944e-01, 1.44756300e-04, 5.80478264e-01]), 0.04895104895104895]
[array([0.49088306, 0.03887008, 0.52621665]), 0.24475524475524477]
[array([0.48787883, 0.05111999, 0.51269838]), 0.27972027972027974]
[array([0.46029569, 0.01272442, 0.53393974]), 0.2937062937062937]
[array([0.48701356, 0.01895676, 0.50894299]), 0.09090909090909091]
[array([0.48128391, 0.02637507, 0.54900078]), 0.2727272727272727]
[array([0.4637776 , 0.00726753, 0.53313866]), 0.0]
[array([0.49415928, 0.01922696, 0.5169874 ]), 0.03496503496503497]
[array([0.48802735, 0.05565771, 0.53669706]), 0.1048951048951049]
[array([0.48623932, 0.06157439, 0.5296309 ]), 0.24475524475524477]
[array([0.44539967, 0.0310528 , 0.50594529]), 0.3076923076923077]
[array([0.4483572 , 0.03985598, 0.5011887 ]), 0.2937062937062937]
[array([0.3355271 , 0.09503469, 0.53144584]), 0.04895104895104895]
[array([0.49936158, 0.04573227, 0.50245775]), 0.2937062937062937]
[array([0.48425427, 0.00666621, 0.54016806]), 0.2937062937062937]
[array([0.47136839, 0.00458705, 0.5331647 ]), 0.02097902097902098]
[array([0.499868  , 0.02073089, 0.5608291 ]), 0.23776223776223776]
[array([0.43568295, 0.01621886, 0.50882047]), 0.32167832167832167]
[array([0.45263671, 0.06919884, 0.51250919]), 0.20279720279720279]
[array([0.44407945, 0.03923691, 0.5055015 ]), 0.2937062937062937]
[array([0.49999049, 0.01794577, 0.5119026 ]), 0.09090909090909091]
[array([0.47048196, 0.00092346, 0.52159517]), 0.06993006993006994]
[array([0.44056288, 0.00570254, 0.52365994]), 0.2937062937062937]
[array([0.45199305, 0.01120297, 0.50343652]), 0.3006993006993007]
[array([0.47718431, 0.06774294, 0.50470364]), 0.26573426573426573]
[array([0.4529134 , 0.01468013, 0.50027038]), 0.3006993006993007]
[array([0.48164517, 0.00684561, 0.57277923]), 0.04195804195804196]
[array([0.48474398, 0.07112368, 0.50474545]), 0.27972027972027974]
[array([0.44624409, 0.01385859, 0.50783923]), 0.006993006993006993]
[array([0.49939253, 0.01767073, 0.54630482]), 0.1048951048951049]
[array([0.49784906, 0.05934773, 0.51544424]), 0.2867132867132867]
[array([0.48950973, 0.05711044, 0.53461491]), 0.0]
[array([0.47220651, 0.0102234 , 0.55177903]), 0.2937062937062937]
[array([0.48186399, 0.0314405 , 0.52820653]), 0.1048951048951049]
[array([0.48149298, 0.00958535, 0.53835575]), 0.2517482517482518]
[array([0.48104276, 0.01408893, 0.52105543]), 0.1048951048951049]
[array([0.48705585, 0.03195148, 0.55121871]), 0.20279720279720279]
[array([0.33709008, 0.15301825, 0.5996194 ]), 0.14685314685314685]
[array([0.49078136, 0.00494065, 0.51286966]), 0.07692307692307693]
[array([0.38698377, 0.09723978, 0.50986637]), 0.15384615384615385]
[array([0.42785003, 0.00654751, 0.53024546]), 0.013986013986013986]
[array([0.43874906, 0.00556123, 0.52750975]), 0.2937062937062937]
[array([0.4856222 , 0.03292214, 0.52548956]), 0.02097902097902098]
[array([0.43127798, 0.0033158 , 0.52156431]), 0.2867132867132867]
[array([0.43752848, 0.00480822, 0.53675507]), 0.08391608391608392]
[array([0.4981067 , 0.03013117, 0.55813179]), 0.25874125874125875]
[array([0.48549753, 0.01902992, 0.50490866]), 0.1888111888111888]
[array([0.40950227, 0.0023226 , 0.50183063]), 0.3706293706293706]
[array([0.49767012, 0.01006017, 0.56930519]), 0.02097902097902098]
[array([0.49353306, 0.02132708, 0.51799833]), 0.11888111888111888]
[array([0.46520923, 0.01912972, 0.50714555]), 0.09090909090909091]
[array([0.49374888, 0.04476037, 0.51773464]), 0.2937062937062937]
[array([0.35139673, 0.12853086, 0.59599697]), 0.16083916083916083]
[array([0.45380487, 0.02474205, 0.50019958]), 0.3076923076923077]
[array([0.49670967, 0.07259595, 0.511671  ]), 0.27972027972027974]
[array([0.47597996, 0.01461119, 0.53401089]), 0.13286713286713286]
[array([0.45439807, 0.00183803, 0.53021676]), 0.2937062937062937]
[array([0.44897766, 0.03194981, 0.51365913]), 0.14685314685314685]
[array([0.46011885, 0.04712043, 0.50385469]), 0.2867132867132867]
[array([0.49413276, 0.02628644, 0.53119558]), 0.04195804195804196]
[array([0.48974665, 0.03431084, 0.50188013]), 0.2867132867132867]
[array([0.49944973, 0.00083107, 0.53330688]), 0.02097902097902098]
[array([0.47900758, 0.04297392, 0.51931557]), 0.09090909090909091]
[array([0.49744153, 0.03069987, 0.52287626]), 0.32167832167832167]
[array([0.49744608, 0.0187783 , 0.57910147]), 0.02097902097902098]
[array([0.46415246, 0.04340428, 0.50148946]), 0.3076923076923077]
[array([0.4556596 , 0.00661519, 0.54615979]), 0.2867132867132867]
[array([0.45004004, 0.02589833, 0.50598158]), 0.3076923076923077]
[array([0.4711034 , 0.04632437, 0.51717785]), 0.25874125874125875]
[array([0.48331527, 0.04860183, 0.50511839]), 0.2937062937062937]
[array([0.46110932, 0.00675836, 0.51704054]), 0.055944055944055944]