[0.         0.         0.         0.52359878 0.         1.04719755
 1.74532925]
[-0.23139063  0.65202658 -2.82955905 -1.20885645 -0.31438039  1.05030246
  6.28      ]
[-0.44556579  0.87605469 -2.11768829 -1.00643062  2.56984324 -0.78561218
 -3.51189543]
[ 3.04727855 -0.50873469 -3.1         1.39253281 -0.23074294 -1.13688474
  3.25477892]
[ 3.05094519 -0.59766021 -3.1         1.29594173 -0.23279032 -1.12882074
  3.25388261]
[ 2.84205534 -0.5845875  -2.77166251  1.39186889 -0.31332863 -1.15191496
  3.10343013]
[-0.64043586  0.82749578 -1.97645478 -1.35769405 -0.51055522  0.95506662
 -0.50693198]
[ 2.44637608 -1.18650329 -1.4041889   1.42128615 -0.60330336 -0.75555699
  2.07751598]
[ 2.69395497 -0.99765242 -1.83815112  1.16030691 -0.54957    -0.85265551
  2.40210974]
[ 3.04208344 -0.52290042 -3.1         1.29837487 -0.24498459 -1.06022532
  3.28154155]
[ 2.83783083 -0.8830572  -2.2141192   1.07056536 -0.43562511 -0.91348646
  2.64262531]
[ 2.60728011 -0.95489923 -1.74949961  1.27659375 -0.48843211 -0.86155059
  2.32458608]
[ 0.36931349  1.45264991  0.79129693 -1.01463813  0.74331137  0.56491001
 -4.71854476]
[ 2.70146689 -0.67496464 -2.3950972   1.07766881 -0.45403482 -0.81472942
  2.99639574]
[-2.62249888 -1.09227488  1.54061262  1.01469334 -2.71421175  0.82807556
  0.99136898]
[ 3.05087157 -0.49475997 -3.1         1.31286954 -0.23868411 -1.04505744
  3.27537409]
[-3.1        -1.63600607 -2.86351957 -1.14127968 -1.39134571 -1.16481045
 -5.67327458]
[ 2.60729532 -0.84366843 -1.94352376  1.37639939 -0.4234708  -0.99512022
  2.46823734]
[-3.1        -1.70284333 -3.05718242 -1.25471802 -2.61834125 -0.39101394
  5.69845793]
[ 0.44714337  0.69162969 -0.60964742  1.26424731  0.09462652 -1.10280118
  3.37830889]
[ 0.51673461  0.8134987  -0.97095845  1.15948495  0.18338091 -1.01683921
  3.65108718]
[-3.1        -1.44855713  0.20620869  0.96626556 -2.47724164  0.41250863
  2.30959183]
[ 2.73693567 -1.36893765  2.19637237 -0.96912843 -0.83106751  0.30550298
  4.9511324 ]
[-0.13000149  0.68271099 -2.91236015 -0.91438804  2.8339879  -0.80704338
 -3.07725935]
[-2.83305304 -0.78760962 -0.86947549 -0.94475535 -3.08903468 -0.89531814
  3.74796867]
[ 0.52935691  0.80325457 -0.98910481  1.14763119  0.18070093 -0.99030514
  3.6573677 ]
[ 1.11499293 -0.23985546 -0.9221453   1.61250833  0.75255238  0.25393342
 -0.51149255]
[ 2.48007544 -0.99759494 -1.61713756  1.42856257 -0.49862074 -0.88469041
  2.23757384]
[ 0.44199647  0.64939834 -0.58338624  1.29447036  0.07001973 -1.10102112
  3.36273203]
[-3.1        -1.54068504 -2.9519139  -0.9314687  -2.22629226 -0.32173781
  5.20884361]
[ 0.75220137  0.05699464 -0.57773299  1.68093373 -0.77796739 -0.592974
  0.02731723]
[-0.05534833  1.31219956 -3.1         0.63441411  1.13473912 -0.23643737
 -1.13309775]
[-3.09999999 -1.47626982 -2.98098753 -0.86647681 -2.27147914 -0.297611
 -1.01712599]
[ 2.65234652 -0.51905797 -2.52710959  1.51197622 -0.34503621 -1.14222885
  3.01971878]
[ 0.42608541  0.70943248 -0.55325524  1.22439039  0.10037661 -1.08903287
  3.33424032]
[ 0.14201162  0.60442972 -0.18228298  1.27239511 -0.09646993 -1.10204145
  3.25115565]
[ 2.95669755 -1.48567444 -0.35902481  0.93351493 -0.68383029  0.82725584
  3.43955816]
[ 2.9752407  -1.62801444  2.80335968 -1.03832023 -3.1        -0.13361298
  0.28278593]
[ 2.53328576 -0.98148917 -1.6800948   1.36552793 -0.50294904 -0.88153361
  2.28384566]
[-0.23773638  1.66906892 -0.35310731 -1.13186689 -2.96234323 -0.16607624
  0.19543041]
[-3.09999987 -1.42665566  0.12352641  0.79312661  0.88323146 -0.25745251
 -1.01015089]
[ 1.16513254  0.51165692 -1.78124038  1.55421576 -0.74916929 -1.10380586
  0.55352422]
[-0.44065663  1.4292138   2.17920162  1.06683683  2.30340273  0.35409751
  4.94582878]
[ 3.06623917 -0.64081208 -2.98068994  1.15717236  2.92419905  1.00833527
  6.28      ]
[ 0.4150343   1.2650288  -2.08914573  1.08574901 -2.64568526  0.77003148
  1.51182302]
[-2.6724805  -1.02316572  1.47133919  1.04728703  0.29834051 -0.86283344
  4.31426464]
[-0.20892708  0.74812765 -2.8358159  -1.08499086 -0.33617088  1.02268956
 -6.28      ]
[ 0.43811449  1.07821838 -1.439482    1.00313494  0.39950784 -0.92068456
  4.05041634]
[ 0.50193384  0.59113066 -0.63688811  1.43277319  0.06152634 -1.17110239
  3.37399432]
[ 0.13466446  0.72686665 -0.31151548  1.044859    3.05276802  1.00557452
  0.25070199]
[ 3.06951139 -0.49622037 -3.1         1.38638561 -0.21528699 -1.11443665
  3.23634701]
[ 0.44272511  0.7138536  -0.60267556  1.23915971  0.106919   -1.09830708
  3.3703008 ]
[ 0.45934171  0.83168424 -0.93576632  1.08122789  0.17549791 -0.98258608
  3.65291534]
[ 0.55266816  0.76270614 -1.01565884  1.27622887  0.14091695 -1.07909083
  3.69564909]
[ 0.53598406  0.91224886  1.81596374 -1.10721522  0.24204011  0.93563335
 -5.46319338]
[ 3.07774164 -0.53801077 -3.09989681  1.32216162 -0.21321849 -1.09103826
  3.23334547]
[ 2.48012687 -1.24279897 -1.31213054  1.44992863 -0.56538546 -0.74313241
  1.9231207 ]
[ 0.45686065  0.48302594 -0.56409125  0.99178874 -2.27698607  0.28566338
  1.4596977 ]
[-0.13659984  1.59384484  2.95568366  1.02630718  0.57994268 -0.20091175
  5.92491502]
[ 3.1        -0.22605586 -2.64162151  1.46205642 -2.35003079  0.79204861
  1.11602994]
[-2.58833935 -1.03469361 -1.5308444  -1.06859521 -2.77831596 -0.8676007
 -2.19445303]
[ 2.66258169 -0.72196478 -2.1108      1.35581957 -0.34280617 -0.99600413
  2.59552066]
[ 0.52235727  0.90456333 -1.03259237  0.98093569  0.29424296 -0.88468311
  3.62786469]
[ 2.40598298 -1.2331047  -1.307984    1.52631641 -0.54620806 -0.76198107
  1.93655926]
[-0.56185399  1.14384213 -1.55314334 -1.1792929  -0.69972635  0.71441098
 -0.85925087]
[ 2.55063238 -0.90988209 -1.83038115  1.24351581 -0.53474759 -0.83372736
  2.49644588]
[ 0.38646669  0.65910412 -0.45449853  1.21991661  0.0613453  -1.05658463
  3.27628901]
[ 2.62980155 -0.52234341 -2.4742284   1.45111054 -0.35491566 -1.0701811
  3.0107772 ]
[ 0.20251035  0.26220947  0.51863017  1.02265366 -0.98904031  0.86146031
  2.04544626]
[ 0.39990472  0.90111646 -1.032971    1.02459623  0.20213484 -0.9828121
  3.77727632]
[-2.24874563 -1.4350563   1.28227208  1.23182061  1.4765067  -1.3156925
  1.29544864]
[ 0.2867365   0.76534357 -0.22175782  1.04183537  0.05054661 -1.00804395
  3.12067433]
[ 0.4186476   0.65275575 -0.52212978  1.26334855  0.06828466 -1.0828525
  3.31848165]
[-2.38477174 -0.83872356 -1.78156398 -1.46552984 -3.1        -1.07454881
 -1.91458949]
[-3.02108377 -0.6981401  -0.18071544 -1.03478424  3.0391745  -0.9609013
 -3.00093154]
[ 0.49090949  0.8479306  -0.94691261  1.09877826  0.20755043 -0.99460237
  3.62975954]
[ 3.07613379 -0.55775209 -3.09941818  1.23131493 -0.22401144 -1.02185465
  3.25256819]
[ 3.06804299 -0.6926285  -3.03953118  1.12256826 -0.22877369 -1.03691337
  3.1963344 ]
[-0.11959978  0.44885317  0.21663296  1.0040773  -0.57020354 -0.19785153
  4.02371768]
[ 0.14609804  0.59378701 -0.36018739  1.20864887  3.0074374   1.04689965
 -5.97709672]
[ 0.28392064  0.78639083 -0.66552709  1.04125082 -3.1         1.00994951
 -5.85315627]
[ 3.09270372 -1.56297092 -0.26686941  1.01156938 -0.01787194 -0.20401897
  0.22668812]
[ 0.56598001  0.89996351 -1.16074402  1.04793761  0.28750792 -0.89475298
  3.73891464]
[ 2.48152344 -1.20309206 -1.36286461  1.41315868 -0.57649074 -0.74503809
  1.99929653]
[ 2.50503805 -0.98983213 -1.68840442  1.40615738 -0.52002056 -0.9098677
  2.30096537]
[ 2.92939243 -1.31115225  0.0428881   1.05652519  1.54011393 -1.47294709
 -2.97535999]
[ 0.43176855  0.88795587 -0.89432605  1.04191309  0.21352371 -1.00087902
  3.61339901]
[ 0.28750768  1.44202123  0.74605658 -1.03315176  0.7102366   0.61294697
 -4.59185542]
[-2.64359617 -0.92425864 -1.34483872 -1.15440249  0.22739198  1.00439379
  0.88514751]
[-0.15216999  1.42793274 -0.34669849 -0.81046681 -2.77984648 -0.10470359
 -6.27483555]
[ 2.41416503 -1.21363725 -1.3160333   1.46290455 -0.56199784 -0.72069832
  1.98128285]
[ 0.44017621  0.60744205 -0.53020006  1.33266844  0.05663843 -1.10693621
  3.31362689]
[ 2.48655967 -1.00855468 -1.62649262  1.42111134 -0.51414595 -0.88700859
  2.24678687]
[ 2.89351318 -0.78454174 -2.64435072  1.01004847 -0.38735782 -0.93104549
  3.02959127]
[-2.79047534 -1.4852502  -2.30867973 -1.19743914  0.66170449  0.73104813
 -4.59842568]
[ 2.81803317 -0.51890206 -2.73312918  1.38761214 -0.30450635 -1.07928201
  3.10567582]
[ 2.90305121 -0.57758603 -2.82884694  1.37689961 -0.28015668 -1.14195462
  3.10654594]
[ 0.41138914  0.72037125 -0.56932448  1.19079673  0.09483609 -1.06735937
  3.36174547]
[ 2.93731724 -0.5813265  -2.86766489  1.38039018 -0.26305895 -1.15579975
  3.1099836 ]
[-2.88347064 -0.71227833  2.40570284  0.91177005  3.09999926  0.83496387
 -5.71736406]
[ 0.38343866  0.74352832 -0.52422371  1.13242741  0.09485764 -1.04057774
  3.33484576]
[-2.60707841 -0.73007179  2.11443785  1.40142842 -3.0495757   1.19323964
 -5.67886164]
[-0.11653796  1.5037265   2.92316207  0.88342871  0.63536021 -0.14394747
 -0.39700018]
[ 0.52013962  0.94379878 -1.11724457  1.0051694   0.31797364 -0.91091509
  3.7103893 ]
[ 0.10704433  0.68664468  3.08978297 -1.00654953 -0.10562073  0.91247411
 -6.2559331 ]
[ 3.07279371 -0.59604415 -3.09944738  1.0810839  -0.24669937 -0.913812
  3.28896792]
[-0.00828229  1.62922623  3.1         1.09932056  0.49090652 -0.27507915
 -0.45444145]
[-0.30589981  1.52046524 -0.52873039 -1.06270007  2.98201822 -0.20282391
  0.73359008]
[ 3.06877895 -0.65534051 -3.06922252  1.12816623  2.90971186  1.01186755
 -6.19190489]
[ 0.36391352  0.76118191 -0.81176852  0.96981731  0.07020334 -0.87899559
  3.63931957]
[-2.77460021 -0.82735951 -0.71900033 -0.6262506   3.1        -1.65570551
  5.85835395]
[ 2.87237631 -1.61831552  2.70821695 -1.0770769   3.0999997  -0.14266371
 -5.78503664]
[ 2.92328807 -0.67147584  0.07782565 -0.77536367 -1.3719166   1.54803948
  3.82625244]
[-2.4653899  -0.9338528  -1.57029277 -1.44268165  0.20827348  1.12516758
 -5.24215601]
[ 2.78322243 -0.51450419 -2.67969324  1.38661221 -0.31373115 -1.06146344
  3.08791899]
[-0.35451938  1.47241797  2.34233295  1.07986545  2.47768081  0.3158868
  4.59221819]
[ 2.65695277 -0.52660927 -2.50252626  1.44814393 -0.34650183 -1.07962758
  3.01140475]
[-0.76944538  0.9064792   1.51022321  1.3638532  -0.51883583 -0.7765685
 -3.87003931]
[-2.94030039 -0.74742348  2.66243426  0.84114621  3.09999906  0.80854168
  0.35194169]
[-0.53364539  1.3418719  -1.21417449 -1.14596029 -0.82049169  0.51783291
  5.17727228]
[ 2.36071298 -1.38440859 -1.09512274  1.62457257 -0.46583318 -0.66572918
  1.66594257]
[ 2.93297366 -0.7420766   0.43091918 -0.78425865  2.71595878 -0.70060082
  3.1689648 ]
[-2.9639105  -1.60096925  0.40354865  1.04318522  0.86388715 -0.42059511
  5.03690821]
[-0.41704702  0.69673585 -2.42069423 -1.28274777 -0.38852076  1.02932188
 -0.25375342]
[ 0.44668588  0.8566188  -0.9297517   1.03911628  0.1950045  -0.96416261
  3.64265416]
[ 0.22681263  0.39752128  0.43662261  0.18280744 -0.26766909  1.34263659
 -0.06320743]
[ 2.47395798 -1.02128061 -1.66667231  1.37627737 -0.57753863 -0.86553514
  2.33752746]
[ 2.82115954 -0.95937001 -2.00085964  1.01571954 -0.50655112 -0.82629291
  2.49679745]
[-0.17362335  1.601218    2.87622824  1.12152582 -2.8490819   0.2517528
 -3.13571749]
[ 3.0425308  -0.54023691 -3.1         1.27849009 -0.24579418 -1.05769433
  3.28199791]
[ 2.48315267 -0.99787064 -1.62869769  1.36940804  2.61343413  0.84021408
  5.42693515]
[-0.09611882  0.38386696  0.05622752  0.98863391  0.99192007  0.52588184
  2.61107406]
[ 3.06985068 -0.70718047 -2.99060606  0.99173743  2.89766591  0.91373404
 -6.24663097]
[ 0.43953427  0.8585431  -0.91807094  1.1226929   0.18295329 -1.05264069
  3.65618918]
[-3.1        -1.5497512   0.24946456  0.9305475   0.98488572 -0.35609067
 -1.18426492]
[-0.46427467  0.88465057  1.1566186   1.14770289 -0.49766579 -0.84890522
  2.56115321]
[ 3.03070077 -1.59565114 -0.26298818  0.9943987   0.24272568 -0.14264019
 -6.27942326]
[-0.18648263  1.33989531 -0.4585543  -0.73326373 -2.98309531 -0.08639418
  0.34346885]
[ 2.56167878 -1.10500074 -1.57381755  1.30318889 -0.59721538 -0.8090875
  2.20455021]
[ 3.05755671 -0.53018707 -3.1         1.21723553 -0.2439678  -0.98523803
  3.28530574]
[ 2.46352626 -1.06361232 -1.5672999   1.3845288  -0.57370907 -0.82060344
  2.24194375]
[ 0.48590505  0.74168172 -0.84179154  1.20969436  0.11909562 -1.05044705
  3.57124441]
[ 3.09882952 -0.68853088 -2.94558735  1.15723046 -0.18963626 -1.04573859
  3.05761206]
[-0.36489698  1.62586929 -0.53842831 -1.27791153 -0.14118831  0.29770276
  3.85743035]