下面是x坐标
-0.3
0.65
0.63
0.61
0.61
0.59
0.59
0.59
0.59
0.59
0.57
0.57
0.57
0.59
0.59
0.57
0.57
0.55
0.55
0.53
0.53
0.51
0.53
0.53
0.53
0.51
0.53
0.55
0.53
0.51
0.49
0.49
0.47
0.47
0.45
0.45
0.43
0.45
0.43
0.45
0.45
0.47
0.45
0.47
0.47
0.47
0.45
0.47
0.47
0.49
0.49
0.53
0.53
0.53
0.55
0.57
0.55
0.55
0.57
0.59
0.61
0.59
0.57
0.55
0.53
0.51
0.51
0.49
0.47
0.45
0.43
0.41
0.41
0.43
0.41
0.55
0.55
0.53
0.55
0.55
0.57
0.55
0.53
0.55
0.55
0.53
0.53
0.51
0.49
0.51
0.51
0.53
0.51
0.53
0.51
0.49
0.47
0.49
0.47
0.57
0.55
0.55
0.53
0.51
0.53
0.51
0.53
0.53
0.55
0.53
0.51
0.51
0.49
0.51
0.53
0.53
0.53
0.55
0.57
0.57
0.55
0.53
0.51
0.53
0.53
0.53
0.51
0.53
0.51
0.53
0.51
0.51
0.51
0.51
0.53
0.53
0.53
0.53
0.51
0.51
0.53
0.51
0.51
0.51
0.51
0.53
0.53
0.53
0.51
0.49
0.51
0.51
0.49
0.47
0.45
0.45
0.43
0.41
0.41
0.41
0.43
0.41
0.41
0.39
0.37
0.35
0.33
0.31
0.29
0.27
0.29
下面是y坐标
0.63
0.1
0.1
0.08
0.08
0.08
0.12
0.1
0.1
0.1
0.08
0.1
0.1
0.08
0.12
0.1
0.1
0.12
0.08
0.1
0.1
0.12
0.12
0.1
0.08
0.1
0.1
0.08
0.12
0.1
0.08
0.1
0.1
0.1
0.1
0.1
0.12
0.12
0.1
0.08
0.1
0.1
0.08
0.1
0.08
0.1
0.12
0.1
0.1
0.08
0.12
0.12
0.14
0.16
0.14
0.12
0.1
0.12
0.14
0.14
0.14
0.12
0.1
0.08
0.06
0.04
0.02
2.23517e-09
-0.02
-0.04
-0.06
-0.08
-0.1
-0.12
-0.14
0.08
0.1
0.08
0.08
0.1
0.1
0.08
0.06
0.04
0.02
2.23517e-09
-0.02
-0.04
-0.06
-0.08
-0.06
-0.08
-0.1
-0.12
-0.14
-0.16
-0.18
-0.18
-0.16
0.12
0.1
0.08
0.06
0.08
0.06
0.04
0.02
2.23517e-09
2.23517e-09
0.02
0.04
0.06
0.08
0.06
0.06
0.08
0.06
0.06
0.04
0.02
2.23517e-09
2.23517e-09
0.02
0.08
0.06
0.04
0.06
0.08
0.1
0.1
0.08
0.06
0.08
0.06
0.06
0.04
0.06
0.04
0.02
2.23517e-09
2.23517e-09
-0.02
-0.04
-0.06
-0.08
-0.08
-0.1
0.08
0.06
0.06
0.08
0.1
0.08
0.1
0.1
0.12
0.12
0.1
0.12
0.14
0.14
0.16
0.18
0.18
0.18
0.2
0.2
0.2
0.2
0.2
0.2
下面是z坐标
0.87
-0.1
-0.08
-0.06
-0.04
-0.02
6.93889e-18
0.02
0.04
0.06
0.08
0.1
0.12
0.14
0.16
0.18
0.2
0.22
0.24
0.26
0.28
0.3
0.32
0.34
0.36
0.38
0.4
0.42
0.44
0.46
0.48
0.5
0.52
0.54
0.56
0.58
0.6
0.62
0.64
0.66
0.68
0.7
0.72
0.74
0.76
0.78
0.8
0.82
0.84
0.86
0.88
0.3
0.28
0.28
0.26
0.26
0.26
0.26
0.26
0.26
0.26
0.26
0.26
0.26
0.26
0.24
0.24
0.22
0.2
0.2
0.2
0.2
0.18
0.18
0.16
0.28
0.28
0.28
0.28
0.26
0.24
0.24
0.24
0.24
0.24
0.24
0.24
0.24
0.24
0.22
0.22
0.22
0.2
0.2
0.2
0.18
0.18
0.16
0.14
0.12
0.12
0.12
0.12
0.12
0.12
0.1
0.08
0.06
0.04
0.04
0.04
0.04
0.04
0.04
0.02
2.68221e-09
-0.02
-0.02
-0.04
-0.04
-0.06
-0.06
-0.06
0.24
0.22
0.2
0.2
0.18
0.18
0.18
0.18
0.18
0.16
0.16
0.14
0.12
0.1
0.1
0.1
0.1
0.08
0.08
0.06
0.06
0.06
0.06
0.06
0.4
0.38
0.36
0.36
0.34
0.34
0.34
0.34
0.34
0.34
0.34
0.34
0.32
0.3
0.3
0.3
0.3
0.3
0.3
0.3
0.3
0.28
0.26
0.26
