[array([ 2.78000000e-01, -4.61434818e-05,  6.78221426e-01]), 0.3230769230769231]
[array([0.47366628, 0.00530081, 0.51128921]), 0.24615384615384617]
[array([0.49406111, 0.01601515, 0.52703056]), 0.08]
[array([0.44462021, 0.02181072, 0.53565685]), 0.24307692307692308]
[array([0.48465588, 0.0798243 , 0.52014012]), 0.23692307692307693]
[array([0.48313917, 0.00997859, 0.58069664]), 0.16]
[array([0.49037655, 0.079661  , 0.52995095]), 0.21846153846153846]
[array([0.44887651, 0.01243859, 0.55907171]), 0.07384615384615385]
[array([0.44265788, 0.00477979, 0.51764378]), 0.2523076923076923]
[array([0.46252833, 0.00397317, 0.50722275]), 0.27076923076923076]
[array([0.45037089, 0.00286097, 0.50045048]), 0.27076923076923076]
[array([0.39416807, 0.00306857, 0.52039095]), 0.26153846153846155]
[array([0.4538836 , 0.00182962, 0.56665441]), 0.021538461538461538]
[array([0.4541026 , 0.01296344, 0.50578259]), 0.06769230769230769]
[array([0.42035522, 0.00735647, 0.53722731]), 0.015384615384615385]
[array([0.48087055, 0.02462791, 0.55513367]), 0.06769230769230769]
[array([0.47444428, 0.04863737, 0.53112553]), 0.2553846153846154]
[array([0.44895806, 0.0474886 , 0.53728861]), 0.24923076923076923]
[array([0.44589113, 0.02158634, 0.50174538]), 0.30153846153846153]
[array([0.48273832, 0.05855694, 0.50364356]), 0.26153846153846155]
[array([0.39389617, 0.00205237, 0.52749614]), 0.26153846153846155]
[array([0.43260735, 0.01063179, 0.55328717]), 0.033846153846153845]
[array([0.42379337, 0.03486787, 0.53371128]), 0.20615384615384616]
[array([0.45045162, 0.00212917, 0.5319455 ]), 0.26153846153846155]
[array([0.4941829 , 0.06390961, 0.50315308]), 0.2676923076923077]
[array([0.41651437, 0.03484891, 0.52543033]), 0.024615384615384615]
[array([0.46120736, 0.05463258, 0.51602515]), 0.25846153846153846]
[array([0.49186953, 0.03452605, 0.52985373]), 0.033846153846153845]
[array([4.70463528e-01, 5.13590683e-04, 5.54747416e-01]), 0.27692307692307694]
[array([0.48915301, 0.0321895 , 0.53582204]), 0.09230769230769231]
[array([0.42170118, 0.01548459, 0.53895925]), 0.06153846153846154]
[array([0.40876418, 0.07036382, 0.50257991]), 0.26461538461538464]
[array([0.44507768, 0.00557383, 0.5382318 ]), 0.2523076923076923]
[array([0.42788005, 0.06605558, 0.51464466]), 0.25846153846153846]
[array([0.49602553, 0.00720764, 0.61091638]), 0.15384615384615385]
[array([0.36110405, 0.09271734, 0.51499389]), 0.4338461538461538]
[array([0.45144195, 0.0535831 , 0.50319787]), 0.26153846153846155]
[array([0.4513356 , 0.00778247, 0.56923258]), 0.36]
[array([0.46518084, 0.02417712, 0.5169733 ]), 0.07076923076923076]
[array([0.41649319, 0.03509172, 0.52381614]), 0.2523076923076923]
[array([0.44942076, 0.05814239, 0.52305713]), 0.27076923076923076]
[array([0.46734385, 0.0660313 , 0.50341181]), 0.2676923076923077]
[array([0.43945263, 0.07401491, 0.51709855]), 0.24923076923076923]
[array([0.48289205, 0.04496689, 0.60891754]), 0.033846153846153845]
[array([0.43245111, 0.00677123, 0.54371413]), 0.0]
[array([0.48213602, 0.07135174, 0.53642924]), 0.24615384615384617]
[array([0.45270963, 0.04115569, 0.54926419]), 0.25846153846153846]
[array([0.47830096, 0.04744981, 0.51669487]), 0.28307692307692306]
[array([0.47321611, 0.00594725, 0.57574747]), 0.24307692307692308]
[array([0.49188186, 0.03608224, 0.60769195]), 0.021538461538461538]
[array([0.39540845, 0.01532819, 0.50670623]), 0.27692307692307694]
[array([0.43727923, 0.0366119 , 0.51721934]), 0.23076923076923078]
[array([0.49427422, 0.01907576, 0.53659136]), 0.027692307692307693]
[array([0.43962922, 0.05899593, 0.51064771]), 0.2676923076923077]
[array([0.48996862, 0.01642619, 0.55796155]), 0.018461538461538463]
[array([0.40475016, 0.00820614, 0.51705777]), 0.27384615384615385]
[array([0.42204313, 0.01654422, 0.5287767 ]), 0.23076923076923078]
[array([0.45165439, 0.04187945, 0.53790408]), 0.2676923076923077]
[array([0.48933947, 0.00788021, 0.55173906]), 0.03076923076923077]
[array([0.44350752, 0.06086875, 0.52986203]), 0.21846153846153846]
[array([0.47652796, 0.04982507, 0.52404895]), 0.28]
[array([0.33823132, 0.05010679, 0.50265838]), 0.08307692307692308]
[array([0.44125129, 0.0398101 , 0.50900574]), 0.27384615384615385]
[array([0.42716522, 0.01224744, 0.53856558]), 0.13538461538461538]
[array([0.46035175, 0.06454312, 0.50967525]), 0.26461538461538464]
[array([0.49677886, 0.02495675, 0.62044272]), 0.046153846153846156]
[array([0.49945998, 0.04542305, 0.6042083 ]), 0.046153846153846156]
[array([0.3903757 , 0.01461372, 0.50490284]), 0.27692307692307694]
[array([0.46165541, 0.04168711, 0.55931855]), 0.009230769230769232]
[array([4.01720513e-01, 2.65931866e-04, 5.22902984e-01]), 0.26461538461538464]
[array([0.49725212, 0.01055101, 0.53902489]), 0.036923076923076927]
[array([0.35314057, 0.13980593, 0.50653915]), 0.10461538461538461]
[array([4.98446847e-01, 5.14242907e-04, 5.91062268e-01]), 0.024615384615384615]
[array([0.49617118, 0.01669518, 0.55638203]), 0.06461538461538462]
[array([0.42569483, 0.00088613, 0.51014962]), 0.25846153846153846]
[array([0.47326442, 0.07296503, 0.5009768 ]), 0.27384615384615385]
[array([0.42105342, 0.04161075, 0.51900533]), 0.26153846153846155]
[array([0.42609493, 0.0520926 , 0.5206989 ]), 0.2553846153846154]
[array([0.46480065, 0.03918392, 0.51138411]), 0.3076923076923077]
[array([0.44181786, 0.00334493, 0.55230177]), 0.24923076923076923]
[array([0.43196047, 0.07303473, 0.50355068]), 0.26153846153846155]
[array([0.37534728, 0.12131356, 0.54400824]), 0.12307692307692308]
[array([0.43946594, 0.02752559, 0.54726196]), 0.07384615384615385]
[array([0.49670081, 0.02430278, 0.51177705]), 0.027692307692307693]
[array([0.45097726, 0.04528213, 0.50954557]), 0.2676923076923077]
[array([0.43294027, 0.05924882, 0.52546226]), 0.24923076923076923]
[array([0.38595625, 0.01588252, 0.50658742]), 0.27384615384615385]
[array([0.43111753, 0.02644496, 0.5260622 ]), 0.21846153846153846]
[array([0.4865182 , 0.00551154, 0.50574895]), 0.31384615384615383]
[array([0.49838153, 0.02394861, 0.56701024]), 0.043076923076923075]
[array([0.36420762, 0.08369424, 0.54551064]), 0.11692307692307692]
[array([0.49109197, 0.01854445, 0.51660637]), 0.08307692307692308]
[array([0.47708693, 0.03060383, 0.52151534]), 0.046153846153846156]
[array([0.46867187, 0.00389904, 0.55642927]), 0.08615384615384615]
[array([0.48458465, 0.01213786, 0.60390529]), 0.08]
[array([0.46532619, 0.07912365, 0.51771652]), 0.24]
[array([4.68443640e-01, 3.14951181e-04, 5.65489620e-01]), 0.28]
[array([0.38912967, 0.01378445, 0.5155168 ]), 0.27076923076923076]
[array([0.46522434, 0.01569195, 0.56477873]), 0.26153846153846155]
[array([0.49429951, 0.00446832, 0.50115879]), 0.08923076923076922]
[array([0.41756749, 0.01711385, 0.51116527]), 0.28615384615384615]
[array([0.49886378, 0.01024816, 0.51614607]), 0.09846153846153846]
[array([0.49889059, 0.0837324 , 0.52423301]), 0.11384615384615385]
[array([0.42726651, 0.04233785, 0.54245839]), 0.021538461538461538]
[array([0.41237418, 0.01290486, 0.52984551]), 0.24]
[array([0.4405374 , 0.06140743, 0.50547381]), 0.26461538461538464]
[array([0.49361107, 0.02108359, 0.51731416]), 0.046153846153846156]
[array([0.42786397, 0.06644802, 0.51090332]), 0.25846153846153846]
[array([0.44149728, 0.01205955, 0.52290212]), 0.24307692307692308]
[array([0.47195711, 0.0689104 , 0.50019337]), 0.27076923076923076]
[array([0.49595533, 0.00949242, 0.62193945]), 0.06461538461538462]
[array([0.41809847, 0.06726442, 0.50612488]), 0.26461538461538464]
[array([0.44238225, 0.03674441, 0.52480526]), 0.018461538461538463]
[array([0.48765441, 0.0419981 , 0.51983795]), 0.30153846153846153]
[array([0.4613257 , 0.03646308, 0.51810138]), 0.28307692307692306]
[array([0.46759215, 0.046113  , 0.55121575]), 0.015384615384615385]
[array([0.46271383, 0.01044617, 0.5717299 ]), 0.027692307692307693]
[array([0.41226591, 0.04701636, 0.50577593]), 0.2553846153846154]
[array([0.42286418, 0.04381848, 0.50995396]), 0.26153846153846155]
[array([0.44820592, 0.01491063, 0.56738099]), 0.015384615384615385]
[array([0.49048566, 0.0061754 , 0.60914554]), 0.024615384615384615]
[array([0.49057782, 0.04146807, 0.60216648]), 0.03076923076923077]
[array([0.47508303, 0.02556141, 0.54019006]), 0.06461538461538462]
[array([0.42503222, 0.06182075, 0.51364442]), 0.25846153846153846]
[array([0.45227655, 0.01392235, 0.52211964]), 0.2553846153846154]
[array([0.44050976, 0.03264233, 0.50322579]), 0.2676923076923077]
[array([0.48537865, 0.01271019, 0.60526145]), 0.006153846153846154]
[array([0.43017878, 0.04015075, 0.53435415]), 0.21846153846153846]
[array([0.47139381, 0.01964356, 0.56548498]), 0.05846153846153846]
[array([0.45263755, 0.00513647, 0.55399225]), 0.26153846153846155]
[array([0.48994792, 0.00933839, 0.53020187]), 0.015384615384615385]
[array([0.40226278, 0.05992853, 0.53663395]), 0.018461538461538463]
[array([0.41523654, 0.05595773, 0.51321891]), 0.2553846153846154]
[array([0.44693334, 0.07128319, 0.52338826]), 0.2246153846153846]
[array([0.48114377, 0.03345564, 0.53819326]), 0.11692307692307692]
[array([0.48546722, 0.08100825, 0.52081312]), 0.19076923076923077]
[array([0.44788916, 0.05471696, 0.51815985]), 0.2553846153846154]
[array([0.49679088, 0.0706078 , 0.52220152]), 0.27384615384615385]
[array([0.42828763, 0.02098355, 0.5014523 ]), 0.2953846153846154]
[array([0.39609493, 0.01751828, 0.502624  ]), 0.27692307692307694]
[array([0.4143136 , 0.0276645 , 0.53319058]), 0.20923076923076922]
[array([0.4769545 , 0.0078073 , 0.60159326]), 0.07692307692307693]
[array([0.40976815, 0.00689681, 0.57742149]), 0.07076923076923076]
[array([0.48123205, 0.02865827, 0.50442983]), 0.15384615384615385]
[array([0.42027338, 0.05642036, 0.51679617]), 0.2553846153846154]
[array([0.4652884 , 0.02650598, 0.52040673]), 0.27384615384615385]
[array([0.46864583, 0.0750165 , 0.51305003]), 0.2553846153846154]
[array([0.47392766, 0.05640143, 0.52845906]), 0.26461538461538464]
[array([0.42931811, 0.00098127, 0.52400701]), 0.26153846153846155]
[array([0.38860997, 0.14082556, 0.50603874]), 0.09846153846153846]
[array([0.4819748 , 0.04171709, 0.54257076]), 0.2676923076923077]
[array([0.49632212, 0.01835824, 0.51666794]), 0.05846153846153846]
[array([0.33936004, 0.13917671, 0.51284433]), 0.6307692307692307]
[array([0.4977143 , 0.01142124, 0.62279816]), 0.06153846153846154]
[array([0.49425846, 0.09540436, 0.50062698]), 0.13538461538461538]
[array([0.42918771, 0.07449715, 0.51111276]), 0.2553846153846154]
[array([0.46014402, 0.01302774, 0.54921587]), 0.033846153846153845]
[array([0.43308674, 0.07383271, 0.5300059 ]), 0.21846153846153846]
[array([0.46393821, 0.07038436, 0.51060323]), 0.26461538461538464]
[array([0.42318746, 0.00179964, 0.53593296]), 0.07384615384615385]
[array([3.89462951e-01, 1.44763393e-04, 5.80478265e-01]), 0.20307692307692307]
[array([0.41758452, 0.0474958 , 0.50107361]), 0.2676923076923077]
[array([0.43753494, 0.02462355, 0.54090856]), 0.13846153846153847]
[array([0.4073859 , 0.03236779, 0.51367448]), 0.27076923076923076]
[array([0.4744469 , 0.01931361, 0.56229745]), 0.009230769230769232]
[array([0.33660788, 0.00070876, 0.61017029]), 0.006153846153846154]
[array([0.49167905, 0.03797435, 0.60770662]), 0.009230769230769232]
[array([0.46616506, 0.04576587, 0.55606528]), 0.14153846153846153]
[array([0.49088358, 0.03887029, 0.52621656]), 0.08923076923076922]
[array([0.48787883, 0.05111999, 0.51269838]), 0.2953846153846154]
[array([0.45657837, 0.02639588, 0.53853004]), 0.24923076923076923]
[array([0.44264502, 0.04338752, 0.5393314 ]), 0.1076923076923077]
[array([0.44161142, 0.01519835, 0.52658669]), 0.04]
[array([0.46029569, 0.01272442, 0.53393974]), 0.26461538461538464]
[array([0.49327715, 0.00968349, 0.5800422 ]), 0.16307692307692306]
[array([0.48701357, 0.01895672, 0.50894296]), 0.07692307692307693]
[array([0.42141588, 0.07514687, 0.50756334]), 0.26153846153846155]
[array([0.48128391, 0.02637507, 0.54900078]), 0.25846153846153846]
[array([0.42251896, 0.00456407, 0.52998217]), 0.033846153846153845]
[array([0.4782048 , 0.00394801, 0.5893049 ]), 0.11076923076923077]
[array([0.46377759, 0.00726753, 0.53313866]), 0.036923076923076927]
[array([0.471296  , 0.05940673, 0.52379015]), 0.26461538461538464]
[array([0.49415927, 0.01922696, 0.5169874 ]), 0.08]
[array([0.48802754, 0.05565752, 0.53669662]), 0.10153846153846154]
[array([0.49210659, 0.03918157, 0.56893628]), 0.027692307692307693]
[array([0.48623932, 0.06157439, 0.5296309 ]), 0.28]
[array([0.44539967, 0.0310528 , 0.50594529]), 0.28]
[array([0.4483572 , 0.03985598, 0.5011887 ]), 0.27384615384615385]
[array([0.41774693, 0.06098239, 0.51551775]), 0.2523076923076923]
[array([0.3355271 , 0.09503469, 0.53144584]), 0.027692307692307693]
[array([0.49936158, 0.04573227, 0.50245775]), 0.3076923076923077]
[array([0.46584382, 0.01840751, 0.54781535]), 0.27384615384615385]
[array([0.48425372, 0.00666834, 0.54016848]), 0.29846153846153844]
[array([0.47136814, 0.00458684, 0.5331644 ]), 0.03076923076923077]
[array([0.43409366, 0.05936245, 0.53180816]), 0.23692307692307693]
[array([0.4440723 , 0.00845631, 0.5600982 ]), 0.009230769230769232]
[array([0.42409978, 0.07066417, 0.50549987]), 0.26153846153846155]
[array([0.48125992, 0.00247257, 0.597505  ]), 0.16]
[array([0.44983895, 0.03447015, 0.53381672]), 0.24]
[array([0.49986804, 0.02073091, 0.56082913]), 0.28307692307692306]
[array([0.47056084, 0.02699935, 0.56115477]), 0.27076923076923076]
[array([0.43568295, 0.01621886, 0.50882047]), 0.3076923076923077]
[array([0.45849079, 0.04793154, 0.53000784]), 0.021538461538461538]
[array([0.42803025, 0.02798414, 0.52274854]), 0.20307692307692307]
[array([0.48261745, 0.01481982, 0.58876702]), 0.012307692307692308]
[array([0.45263671, 0.06919884, 0.51250919]), 0.26153846153846155]
[array([0.44407945, 0.03923691, 0.5055015 ]), 0.27384615384615385]
[array([0.49999059, 0.01794577, 0.51190239]), 0.07692307692307693]
[array([0.47048199, 0.00092336, 0.5215951 ]), 0.1476923076923077]
[array([0.44056288, 0.00570254, 0.52365994]), 0.2553846153846154]
[array([0.42258486, 0.00148698, 0.57527967]), 0.018461538461538463]
[array([0.45199305, 0.01120297, 0.50343652]), 0.2676923076923077]
[array([0.47815868, 0.02860488, 0.57211948]), 0.03076923076923077]
[array([0.47718431, 0.06774294, 0.50470364]), 0.28615384615384615]
[array([0.43756075, 0.00786012, 0.57025257]), 0.05846153846153846]
[array([0.42397402, 0.00133043, 0.54106736]), 0.3446153846153846]
[array([0.42219046, 0.06102774, 0.50524364]), 0.26153846153846155]
[array([0.47819166, 0.02106559, 0.56514122]), 0.06769230769230769]
[array([0.4529134 , 0.01468013, 0.50027038]), 0.2676923076923077]
[array([0.47327684, 0.0163737 , 0.57180185]), 0.036923076923076927]
[array([0.40412427, 0.03574684, 0.50236219]), 0.2553846153846154]
[array([0.48164518, 0.00684561, 0.57277923]), 0.03076923076923077]
[array([0.48474398, 0.07112368, 0.50474545]), 0.28307692307692306]
[array([0.48694339, 0.00685171, 0.6171647 ]), 0.07692307692307693]
[array([0.44624371, 0.01385855, 0.50783933]), 0.052307692307692305]
[array([0.41364732, 0.01611079, 0.5248689 ]), 0.23384615384615384]
[array([0.4993924 , 0.01767047, 0.54630555]), 0.08]
[array([0.49784906, 0.05934773, 0.51544424]), 0.30153846153846153]
[array([0.48950973, 0.05711045, 0.53461491]), 0.033846153846153845]
[array([0.49132429, 0.02317031, 0.62198775]), 0.04923076923076923]
[array([0.47275609, 0.01848635, 0.5867372 ]), 0.043076923076923075]
[array([0.47220651, 0.0102234 , 0.55177903]), 0.2676923076923077]
[array([0.49250786, 0.00362363, 0.59162553]), 0.1753846153846154]
[array([0.48186436, 0.03144092, 0.52820717]), 0.19076923076923077]
[array([0.45141252, 0.04633518, 0.55197361]), 0.19076923076923077]
[array([0.48149016, 0.00958374, 0.53835401]), 0.07076923076923076]
[array([0.40504439, 0.00938391, 0.52226139]), 0.2553846153846154]
[array([0.49907508, 0.09535505, 0.50723091]), 0.12307692307692308]
[array([0.39688062, 0.02440322, 0.51998808]), 0.26153846153846155]
[array([0.45660834, 0.03836442, 0.5537655 ]), 0.27076923076923076]
[array([0.46623332, 0.02366013, 0.55465743]), 0.2553846153846154]
[array([0.415236  , 0.08199376, 0.51147767]), 0.25846153846153846]
[array([0.40054886, 0.08691286, 0.57252327]), 0.5353846153846153]
[array([0.40290369, 0.06408034, 0.50166355]), 0.26461538461538464]
[array([0.43393598, 0.05779765, 0.51289876]), 0.26461538461538464]
[array([0.45314378, 0.00895296, 0.57465449]), 0.018461538461538463]
[array([0.42579117, 0.06298033, 0.51252872]), 0.25846153846153846]
[array([0.44942158, 0.00388201, 0.56017764]), 0.09846153846153846]
[array([0.39030091, 0.02521248, 0.50768238]), 0.24615384615384617]
[array([0.48562634, 0.03202997, 0.57288221]), 0.027692307692307693]
[array([0.48104266, 0.01408886, 0.52105547]), 0.08]
[array([0.44410186, 0.06123797, 0.51920001]), 0.26153846153846155]
[array([0.47189565, 0.0259647 , 0.59799451]), 0.052307692307692305]
[array([0.46708166, 0.00887906, 0.57775942]), 0.036923076923076927]
[array([0.45811824, 0.04736557, 0.54755032]), 0.036923076923076927]
[array([0.48705585, 0.03195148, 0.55121871]), 0.28]
[array([0.43710952, 0.02073308, 0.56523072]), 0.027692307692307693]
[array([0.44213025, 0.01723319, 0.55841778]), 0.036923076923076927]
[array([0.3370957 , 0.15301602, 0.59962075]), 0.15076923076923077]
[array([0.43814138, 0.04441906, 0.52783646]), 0.04923076923076923]
[array([0.49078144, 0.00494064, 0.5128697 ]), 0.04]
[array([0.38698379, 0.09723978, 0.50986637]), 0.16]
[array([0.42785027, 0.00654747, 0.53024538]), 0.2923076923076923]
[array([0.42501972, 0.02749044, 0.51029319]), 0.26153846153846155]
[array([0.43874906, 0.00556123, 0.52750975]), 0.2553846153846154]
[array([0.48562211, 0.03292215, 0.52548974]), 0.08307692307692308]
[array([0.41754462, 0.0095257 , 0.53959651]), 0.05846153846153846]
[array([0.48318501, 0.03021329, 0.55118471]), 0.08615384615384615]
[array([0.43127798, 0.0033158 , 0.52156431]), 0.25846153846153846]
[array([0.43752848, 0.00480822, 0.53675507]), 0.033846153846153845]
[array([0.49810671, 0.03013018, 0.5581309 ]), 0.009230769230769232]
[array([0.48549629, 0.01902917, 0.50490898]), 0.08923076923076922]
[array([0.40950227, 0.0023226 , 0.50183063]), 0.32]
[array([0.497669  , 0.01006135, 0.56930349]), 0.015384615384615385]
[array([0.43362742, 0.03089578, 0.56076297]), 0.3169230769230769]
[array([0.49618554, 0.03446299, 0.58002625]), 0.027692307692307693]
[array([0.49353293, 0.02132712, 0.51799818]), 0.04]
[array([0.4652091 , 0.01912978, 0.50714538]), 0.024615384615384615]
[array([0.43655334, 0.05303693, 0.50770858]), 0.27076923076923076]
[array([0.42920024, 0.12668427, 0.60223931]), 0.15076923076923077]
[array([0.46620613, 0.07938493, 0.51319112]), 0.24923076923076923]
[array([0.49374888, 0.04476037, 0.51773464]), 0.3046153846153846]
[array([0.35139673, 0.12853086, 0.59599697]), 0.14461538461538462]
[array([0.49580154, 0.03367544, 0.58767139]), 0.08307692307692308]
[array([0.45380487, 0.02474205, 0.50019958]), 0.28615384615384615]
[array([0.40952047, 0.00976892, 0.50870365]), 0.30153846153846153]
[array([0.40155149, 0.02896559, 0.5171216 ]), 0.26153846153846155]
[array([0.49670967, 0.07259595, 0.511671  ]), 0.23692307692307693]
[array([0.47660433, 0.02778371, 0.60928328]), 0.06769230769230769]
[array([0.47271869, 0.03986998, 0.5708019 ]), 0.03076923076923077]
[array([0.49752385, 0.03331165, 0.60578192]), 0.012307692307692308]
[array([0.48277485, 0.00584295, 0.58490717]), 0.1076923076923077]
[array([0.47597998, 0.0146108 , 0.5340118 ]), 0.03076923076923077]
[array([0.45439807, 0.00183803, 0.53021676]), 0.26461538461538464]
[array([0.48205742, 0.02483945, 0.60261919]), 0.033846153846153845]
[array([0.44897766, 0.03194981, 0.51365913]), 0.018461538461538463]
[array([0.44297454, 0.01812527, 0.55754612]), 0.018461538461538463]
[array([0.43531155, 0.01360837, 0.5693655 ]), 0.021538461538461538]
[array([0.43509035, 0.04432401, 0.55757033]), 0.04923076923076923]
[array([0.42735964, 0.0090514 , 0.56504102]), 0.052307692307692305]
[array([0.41667136, 0.01419423, 0.52174518]), 0.23692307692307693]
[array([0.46011885, 0.04712043, 0.50385469]), 0.3076923076923077]
[array([0.49413275, 0.02628643, 0.53119558]), 0.055384615384615386]
[array([0.48974665, 0.03431084, 0.50188013]), 0.3076923076923077]
[array([0.48322258, 0.04234045, 0.53718197]), 0.27384615384615385]
[array([0.41739368, 0.0790039 , 0.50154122]), 0.2676923076923077]
[array([0.49944973, 0.00083108, 0.53330689]), 0.015384615384615385]
[array([0.47900758, 0.04297393, 0.51931552]), 0.11384615384615385]
[array([0.49744151, 0.03069986, 0.52287625]), 0.015384615384615385]
[array([0.49744608, 0.01877829, 0.57910147]), 0.18461538461538463]
[array([0.46415246, 0.04340428, 0.50148946]), 0.27076923076923076]
[array([0.43157425, 0.00558285, 0.56126104]), 0.043076923076923075]
[array([0.4556596 , 0.00661519, 0.54615979]), 0.2553846153846154]
[array([0.45004004, 0.02589833, 0.50598158]), 0.28]
[array([0.33420696, 0.16003315, 0.50364523]), 0.3076923076923077]
[array([0.4711034 , 0.04632437, 0.51717785]), 0.27692307692307694]
[array([0.48331527, 0.04860183, 0.50511839]), 0.26153846153846155]
[array([0.47288891, 0.07823377, 0.51674556]), 0.24615384615384617]
[array([0.47739519, 0.00775609, 0.60474343]), 0.018461538461538463]
[array([0.44617075, 0.06352841, 0.52058518]), 0.2523076923076923]
[array([0.41016931, 0.0248653 , 0.50582894]), 0.27692307692307694]
[array([0.425192  , 0.00202935, 0.57528405]), 0.04]
[array([0.49148535, 0.03468171, 0.56457068]), 0.05846153846153846]
[array([0.46111542, 0.00675979, 0.51703934]), 0.033846153846153845]
[array([0.45817258, 0.00661446, 0.56010035]), 0.07076923076923076]
[array([0.47142732, 0.0108427 , 0.55319511]), 0.2676923076923077]