[array([ 2.78000000e-01, -4.61434818e-05,  6.78221426e-01]), 0.0]
[array([0.42562715, 0.0764568 , 0.61089476]), 0.34545454545454546]
[array([0.42179458, 0.06270237, 0.58497973]), 0.33636363636363636]
[array([0.4217474 , 0.0446255 , 0.56134779]), 0.00909090909090909]
[array([0.43470074, 0.10189975, 0.5972526 ]), 0.0]
[array([0.43591805, 0.04977109, 0.58843114]), 0.34545454545454546]
[array([0.41774091, 0.06342518, 0.61504443]), 0.045454545454545456]
[array([0.41806966, 0.07161027, 0.61041299]), 0.05454545454545454]
[array([0.4275882 , 0.05762976, 0.57528632]), 0.36363636363636365]
[array([0.41826424, 0.0492118 , 0.61699563]), 0.03636363636363636]
[array([0.39497784, 0.04515265, 0.59871816]), 0.33636363636363636]
[array([0.40753745, 0.04935204, 0.62018679]), 0.03636363636363636]
[array([0.42781211, 0.0551201 , 0.56946189]), 0.35454545454545455]
[array([0.41452357, 0.05371757, 0.57961652]), 0.07272727272727272]
[array([0.42659186, 0.06201769, 0.58635737]), 0.36363636363636365]
[array([0.42842702, 0.04682595, 0.57535887]), 0.36363636363636365]
[array([0.42317154, 0.05050304, 0.55706934]), 0.02727272727272727]
[array([0.43493071, 0.07595533, 0.57441328]), 0.00909090909090909]
[array([0.41590251, 0.06231324, 0.60811626]), 0.0]
[array([0.43090909, 0.07582036, 0.57091226]), 0.35454545454545455]
[array([0.42591486, 0.070934  , 0.57319702]), 0.34545454545454546]
[array([0.4273175 , 0.06376705, 0.59317692]), 0.0]
[array([0.4144957 , 0.06602986, 0.60080248]), 0.01818181818181818]
[array([0.43014205, 0.04923766, 0.59770569]), 0.14545454545454545]
[array([0.40829421, 0.06244987, 0.62177665]), 0.00909090909090909]
[array([0.4260772 , 0.06639012, 0.59701613]), 0.01818181818181818]
[array([0.43306302, 0.05035409, 0.59386396]), 0.02727272727272727]
[array([0.41793199, 0.06319764, 0.57036299]), 0.3181818181818182]
[array([0.41459616, 0.04386046, 0.56945783]), 0.06363636363636363]
[array([0.41968806, 0.04767402, 0.59540015]), 0.35454545454545455]
[array([0.43325661, 0.08206521, 0.58226982]), 0.35454545454545455]
[array([0.43577437, 0.05391965, 0.54323961]), 0.0]
[array([0.4138022 , 0.04565504, 0.57630789]), 0.33636363636363636]
[array([0.42051021, 0.07321739, 0.61801606]), 0.0]
[array([0.42699825, 0.07488305, 0.60382566]), 0.02727272727272727]
[array([0.41090174, 0.06118362, 0.59575739]), 0.33636363636363636]
[array([0.43278934, 0.06606589, 0.58038925]), 0.0]
[array([0.43404244, 0.04679721, 0.58785057]), 0.34545454545454546]
[array([0.40281827, 0.04349144, 0.61977205]), 0.00909090909090909]
[array([0.4299618 , 0.0787438 , 0.59401935]), 0.02727272727272727]
[array([0.4122094 , 0.05838449, 0.60126865]), 0.01818181818181818]
[array([0.42608441, 0.07244156, 0.58166568]), 0.35454545454545455]
[array([0.41276432, 0.05894082, 0.60974705]), 0.01818181818181818]
[array([0.41990267, 0.05226622, 0.58072389]), 0.07272727272727272]
[array([0.42092148, 0.04397941, 0.58122048]), 0.07272727272727272]
[array([0.4360644 , 0.07259446, 0.57560061]), 0.01818181818181818]
[array([0.39023201, 0.04546647, 0.60950906]), 0.03636363636363636]
[array([0.42435567, 0.06279685, 0.56716072]), 0.07272727272727272]
[array([0.42723603, 0.06192519, 0.60692749]), 0.03636363636363636]
[array([0.43139001, 0.04933453, 0.54345576]), 0.00909090909090909]
[array([0.41977039, 0.06042815, 0.61297941]), 0.02727272727272727]
[array([0.41753158, 0.05782059, 0.60297752]), 0.01818181818181818]
[array([0.43127384, 0.05639767, 0.58126253]), 0.00909090909090909]
[array([0.41663509, 0.0437039 , 0.58212054]), 0.07272727272727272]
[array([0.42872575, 0.06234396, 0.59375084]), 0.0]
[array([0.41719617, 0.05443332, 0.59747035]), 0.03636363636363636]
[array([0.41156902, 0.0585159 , 0.58217161]), 0.06363636363636363]
[array([0.41353928, 0.05493615, 0.62188181]), 0.01818181818181818]
[array([0.42190877, 0.06785456, 0.59431638]), 0.0]
[array([0.41315298, 0.06377171, 0.57200991]), 0.3]
[array([0.42040727, 0.06250654, 0.58176774]), 0.01818181818181818]
[array([0.4330662 , 0.06308961, 0.57877687]), 0.045454545454545456]
[array([0.43689502, 0.04758787, 0.5613666 ]), 0.34545454545454546]
[array([0.40869758, 0.04730349, 0.59149985]), 0.33636363636363636]
[array([0.41663598, 0.06683639, 0.5865314 ]), 0.33636363636363636]
[array([0.42296453, 0.05227656, 0.59639553]), 0.03636363636363636]
[array([0.42095898, 0.08921252, 0.6206572 ]), 0.2]
[array([0.41280832, 0.04660853, 0.59066881]), 0.33636363636363636]
[array([0.40286472, 0.05191019, 0.59591316]), 0.33636363636363636]
[array([0.39500656, 0.05305023, 0.62285593]), 0.3181818181818182]
[array([0.42236423, 0.07339287, 0.58654781]), 0.33636363636363636]
[array([0.42068736, 0.06626674, 0.59299183]), 0.0]
[array([0.40318816, 0.0458569 , 0.61335865]), 0.01818181818181818]
[array([0.42718669, 0.04786809, 0.59974512]), 0.01818181818181818]
[array([0.41962223, 0.05040704, 0.57606676]), 0.33636363636363636]
[array([0.41269093, 0.05435613, 0.60849505]), 0.01818181818181818]
[array([0.40296645, 0.05836656, 0.61031329]), 0.13636363636363635]
[array([0.42711231, 0.05631254, 0.58155354]), 0.00909090909090909]
[array([0.4339954 , 0.06374292, 0.59418363]), 0.00909090909090909]
[array([0.42374858, 0.04864052, 0.59796853]), 0.01818181818181818]
[array([0.40521599, 0.05328393, 0.57956048]), 0.00909090909090909]
[array([0.40713486, 0.05116222, 0.60971547]), 0.02727272727272727]
[array([0.39624582, 0.04962057, 0.61505725]), 0.00909090909090909]
[array([0.42845624, 0.07970794, 0.58813362]), 0.01818181818181818]
[array([0.43141544, 0.06410193, 0.58506522]), 0.36363636363636365]
[array([0.43247798, 0.06843482, 0.59016463]), 0.0]
[array([0.41643432, 0.06046299, 0.62187506]), 0.01818181818181818]
[array([0.43368341, 0.04717416, 0.57336951]), 0.35454545454545455]
[array([0.41321315, 0.06506199, 0.62145226]), 0.01818181818181818]
[array([0.41434539, 0.05320175, 0.57592151]), 0.33636363636363636]
[array([0.43310874, 0.06407354, 0.5813392 ]), 0.36363636363636365]
[array([0.4362543 , 0.04354677, 0.58670984]), 0.34545454545454546]
[array([0.43429569, 0.07599557, 0.5742361 ]), 0.03636363636363636]
[array([0.43516213, 0.05131369, 0.57006338]), 0.36363636363636365]
[array([0.4227775 , 0.07436625, 0.58386717]), 0.32727272727272727]
[array([0.41880219, 0.05389002, 0.61235326]), 0.03636363636363636]
[array([0.43160815, 0.06909105, 0.56802714]), 0.35454545454545455]
[array([0.40822007, 0.06042859, 0.62127976]), 0.00909090909090909]
[array([0.40906885, 0.04490609, 0.56810356]), 0.33636363636363636]
[array([0.41872201, 0.04366729, 0.61571209]), 0.0]
[array([0.40794008, 0.04443664, 0.58681558]), 0.00909090909090909]
[array([0.40911745, 0.04819235, 0.61142799]), 0.0]
[array([0.42282446, 0.05046783, 0.59176335]), 0.35454545454545455]
[array([0.42114548, 0.04738707, 0.56316555]), 0.00909090909090909]
[array([0.43328878, 0.08072001, 0.59971205]), 0.02727272727272727]
[array([0.39630293, 0.04902178, 0.6119071 ]), 0.00909090909090909]
[array([0.4283526 , 0.08079611, 0.5807704 ]), 0.34545454545454546]
[array([0.425348  , 0.06565111, 0.58151143]), 0.01818181818181818]
[array([0.41957531, 0.04977944, 0.56371601]), 0.01818181818181818]
[array([0.43424056, 0.06774165, 0.563871  ]), 0.35454545454545455]
[array([0.4294885 , 0.04925371, 0.57872126]), 0.07272727272727272]