[array([ 2.78000000e-01, -4.61434818e-05,  6.78221426e-01]), 0.3076923076923077]
[array([0.47366628, 0.00530081, 0.51128921]), 0.006993006993006993]
[array([0.49406113, 0.01601509, 0.52703055]), 0.03496503496503497]
[array([0.44265788, 0.00477979, 0.51764378]), 0.32867132867132864]
[array([0.46252833, 0.00397317, 0.50722275]), 0.3356643356643357]
[array([0.45037089, 0.00286097, 0.50045048]), 0.32867132867132864]
[array([0.45410246, 0.01296331, 0.5057825 ]), 0.03496503496503497]
[array([0.44589113, 0.02158634, 0.50174538]), 0.32867132867132864]
[array([0.48273832, 0.05855694, 0.50364356]), 0.32167832167832167]
[array([0.45045162, 0.00212917, 0.5319455 ]), 0.32867132867132864]
[array([0.4941829 , 0.06390961, 0.50315308]), 0.32167832167832167]
[array([0.46120736, 0.05463258, 0.51602515]), 0.3076923076923077]
[array([0.49186956, 0.03452605, 0.52985367]), 0.04895104895104895]
[array([4.70463528e-01, 5.13590683e-04, 5.54747416e-01]), 0.3076923076923077]
[array([0.489153  , 0.03218972, 0.53582181]), 0.02097902097902098]
[array([0.44507768, 0.00557383, 0.5382318 ]), 0.3146853146853147]
[array([0.36110405, 0.09271735, 0.51499392]), 0.42657342657342656]
[array([0.45144195, 0.0535831 , 0.50319787]), 0.3076923076923077]
[array([0.46518084, 0.02417713, 0.5169733 ]), 0.04195804195804196]
[array([0.46734385, 0.0660313 , 0.50341181]), 0.2097902097902098]
[array([0.47830096, 0.04744981, 0.51669487]), 0.23076923076923078]
[array([0.47321611, 0.00594733, 0.57574747]), 0.0]
[array([0.49427438, 0.01907545, 0.53659133]), 0.09090909090909091]
[array([0.48996949, 0.01642614, 0.55796299]), 0.03496503496503497]
[array([0.48933942, 0.00788095, 0.55173988]), 0.04895104895104895]
[array([0.47652795, 0.04982507, 0.52404895]), 0.2097902097902098]
[array([0.33823132, 0.05010679, 0.50265838]), 0.055944055944055944]
[array([0.44125129, 0.0398101 , 0.50900574]), 0.3076923076923077]
[array([0.46035175, 0.06454312, 0.50967525]), 0.1958041958041958]
[array([0.4972519 , 0.01055003, 0.53902533]), 0.04895104895104895]
[array([0.35314057, 0.13980593, 0.50653915]), 0.07692307692307693]
[array([4.98446855e-01, 5.14247223e-04, 5.91062267e-01]), 0.0979020979020979]
[array([0.49617116, 0.01669521, 0.55638207]), 0.02097902097902098]
[array([0.42569483, 0.00088613, 0.51014962]), 0.3076923076923077]
[array([0.47326442, 0.07296503, 0.5009768 ]), 0.2097902097902098]
[array([0.46480065, 0.03918392, 0.51138411]), 0.24475524475524477]
[array([0.37534859, 0.1213143 , 0.54400816]), 0.1258741258741259]
[array([0.49670083, 0.02430279, 0.51177706]), 0.09090909090909091]
[array([0.45097726, 0.04528213, 0.50954557]), 0.3076923076923077]
[array([0.48651827, 0.00551159, 0.50574903]), 0.07692307692307693]
[array([0.49838152, 0.02394862, 0.56701023]), 0.027972027972027972]
[array([0.36420762, 0.08369424, 0.54551064]), 0.13286713286713286]
[array([0.49109233, 0.01854376, 0.51660539]), 0.03496503496503497]
[array([0.47708492, 0.03060142, 0.52151616]), 0.027972027972027972]
[array([0.46867186, 0.00389903, 0.55642926]), 0.09090909090909091]
[array([4.68443678e-01, 3.15088125e-04, 5.65489270e-01]), 0.013986013986013986]
[array([0.49429951, 0.00446847, 0.50115887]), 0.006993006993006993]
[array([0.49886362, 0.01024733, 0.51614731]), 0.26573426573426573]
[array([0.4405374 , 0.06140743, 0.50547381]), 0.18181818181818182]
[array([0.49360665, 0.02108536, 0.51731423]), 0.24475524475524477]
[array([0.44149728, 0.01205955, 0.52290212]), 0.3146853146853147]
[array([0.47195711, 0.0689104 , 0.50019337]), 0.2097902097902098]
[array([0.48765441, 0.0419981 , 0.51983795]), 0.24475524475524477]
[array([0.4613257 , 0.03646308, 0.51810138]), 0.2097902097902098]
[array([0.47508395, 0.02556277, 0.54019019]), 0.03496503496503497]
[array([0.45227655, 0.01392235, 0.52211964]), 0.32867132867132864]
[array([0.44050976, 0.03264233, 0.50322579]), 0.3146853146853147]
[array([0.47139381, 0.01964356, 0.56548498]), 0.027972027972027972]
[array([0.48994793, 0.00933838, 0.53020186]), 0.027972027972027972]
[array([0.40226278, 0.05992853, 0.53663395]), 0.03496503496503497]
[array([0.48114355, 0.03345567, 0.53819314]), 0.02097902097902098]
[array([0.44788916, 0.05471696, 0.51815985]), 0.27972027972027974]
[array([0.49679088, 0.0706078 , 0.52220152]), 0.21678321678321677]
[array([0.42828763, 0.02098355, 0.5014523 ]), 0.32167832167832167]
[array([0.4812319 , 0.02865827, 0.50443022]), 0.06993006993006994]
[array([0.4652884 , 0.02650598, 0.52040673]), 0.3146853146853147]
[array([0.46864583, 0.0750165 , 0.51305003]), 0.18181818181818182]
[array([0.42931811, 0.00098127, 0.52400701]), 0.3076923076923077]
[array([0.38860997, 0.14082556, 0.50603874]), 0.07692307692307693]
[array([0.49632212, 0.01835824, 0.51666794]), 0.25874125874125875]
[array([0.33936004, 0.13917671, 0.51284433]), 0.6013986013986014]
[array([0.49425846, 0.09540436, 0.50062698]), 0.16783216783216784]
[array([0.46393821, 0.07038436, 0.51060323]), 0.1958041958041958]
[array([3.89462936e-01, 1.44764375e-04, 5.80478281e-01]), 0.006993006993006993]
[array([0.49088358, 0.03887029, 0.52621656]), 0.03496503496503497]
[array([0.48787883, 0.05111999, 0.51269838]), 0.24475524475524477]
[array([0.46029569, 0.01272442, 0.53393974]), 0.32167832167832167]
[array([0.48701349, 0.01895685, 0.50894293]), 0.3356643356643357]
[array([0.48128391, 0.02637507, 0.54900078]), 0.22377622377622378]
[array([0.46377759, 0.00726753, 0.53313866]), 0.06993006993006994]
[array([0.49415928, 0.01922697, 0.51698741]), 0.03496503496503497]
[array([0.48802703, 0.05565847, 0.53669647]), 0.04195804195804196]
[array([0.48623932, 0.06157439, 0.5296309 ]), 0.20279720279720279]
[array([0.44539967, 0.0310528 , 0.50594529]), 0.32167832167832167]
[array([0.4483572 , 0.03985598, 0.5011887 ]), 0.3146853146853147]
[array([0.3355271 , 0.09503469, 0.53144584]), 0.03496503496503497]
[array([0.49936158, 0.04573227, 0.50245775]), 0.2517482517482518]
[array([0.4842544 , 0.0066652 , 0.54016686]), 0.04895104895104895]
[array([0.47136827, 0.00458717, 0.53316451]), 0.03496503496503497]
[array([0.49986804, 0.0207309 , 0.56082913]), 0.013986013986013986]
[array([0.43568295, 0.01621886, 0.50882047]), 0.32867132867132864]
[array([0.45263671, 0.06919884, 0.51250919]), 0.18181818181818182]
[array([0.44407945, 0.0392369 , 0.5055015 ]), 0.3146853146853147]
[array([0.49999042, 0.0179458 , 0.51190254]), 0.34965034965034963]
[array([0.47048179, 0.0009234 , 0.52159512]), 0.06293706293706294]
[array([0.44056288, 0.00570254, 0.52365994]), 0.32167832167832167]
[array([0.45199305, 0.01120297, 0.50343652]), 0.32867132867132864]
[array([0.47718431, 0.06774294, 0.50470364]), 0.21678321678321677]
[array([0.4529134 , 0.01468013, 0.50027038]), 0.32867132867132864]
[array([0.48164497, 0.00684623, 0.57277917]), 0.02097902097902098]
[array([0.48474398, 0.07112368, 0.50474545]), 0.22377622377622378]
[array([0.44624407, 0.0138586 , 0.50783922]), 0.013986013986013986]
[array([0.49939241, 0.01767044, 0.54630551]), 0.04895104895104895]
[array([0.49784906, 0.05934773, 0.51544424]), 0.24475524475524477]
[array([0.48950942, 0.05711014, 0.53461469]), 0.04195804195804196]
[array([0.47220651, 0.0102234 , 0.55177903]), 0.3146853146853147]
[array([0.48186433, 0.03144099, 0.52820716]), 0.04195804195804196]
[array([0.48149301, 0.00958543, 0.53835558]), 0.20279720279720279]
[array([0.48104276, 0.01408893, 0.52105543]), 0.03496503496503497]
[array([0.48705585, 0.03195148, 0.55121871]), 0.15384615384615385]
[array([0.3370957 , 0.153016  , 0.59962077]), 0.5944055944055944]
[array([0.4907799 , 0.00493944, 0.51286818]), 0.16083916083916083]
[array([0.38698042, 0.0972416 , 0.50986545]), 0.006993006993006993]
[array([0.42785027, 0.00654747, 0.53024538]), 0.027972027972027972]
[array([0.43874906, 0.00556123, 0.52750975]), 0.3146853146853147]
[array([0.48562223, 0.03292214, 0.52548965]), 0.03496503496503497]
[array([0.43127798, 0.0033158 , 0.52156431]), 0.3076923076923077]
[array([0.43752848, 0.00480822, 0.53675507]), 0.1048951048951049]
[array([0.4981047 , 0.0301352 , 0.55813012]), 0.02097902097902098]
[array([0.48549754, 0.01902994, 0.5049087 ]), 0.25874125874125875]
[array([0.40950227, 0.0023226 , 0.50183063]), 0.34965034965034963]
[array([0.49767014, 0.01006029, 0.56930527]), 0.06293706293706294]
[array([0.49353307, 0.02132707, 0.51799833]), 0.02097902097902098]
[array([0.46520923, 0.01912972, 0.50714555]), 0.03496503496503497]
[array([0.49374888, 0.04476037, 0.51773464]), 0.24475524475524477]
[array([0.35139673, 0.12853086, 0.59599697]), 0.11188811188811189]
[array([0.45380487, 0.02474205, 0.50019958]), 0.32167832167832167]
[array([0.49670967, 0.07259595, 0.511671  ]), 0.3076923076923077]
[array([0.47597999, 0.01461034, 0.53401156]), 0.055944055944055944]
[array([0.45439807, 0.00183803, 0.53021676]), 0.32167832167832167]
[array([0.44897749, 0.03194989, 0.51365891]), 0.027972027972027972]
[array([0.46011885, 0.04712043, 0.50385469]), 0.23776223776223776]
[array([0.49412959, 0.02628779, 0.5311951 ]), 0.03496503496503497]
[array([0.48974665, 0.03431084, 0.50188013]), 0.24475524475524477]
[array([0.4994497 , 0.00083239, 0.5333057 ]), 0.06293706293706294]
[array([0.47900758, 0.04297392, 0.51931557]), 0.24475524475524477]
[array([0.49744139, 0.03069879, 0.52287593]), 0.06293706293706294]
[array([0.49744542, 0.01877798, 0.57910125]), 0.04895104895104895]
[array([0.46415246, 0.04340428, 0.50148946]), 0.32167832167832167]
[array([0.4556596 , 0.00661519, 0.54615979]), 0.3146853146853147]
[array([0.45004004, 0.02589833, 0.50598158]), 0.32167832167832167]
[array([0.4711034 , 0.04632437, 0.51717785]), 0.21678321678321677]
[array([0.48331527, 0.04860183, 0.50511839]), 0.32167832167832167]
[array([0.46111538, 0.00675982, 0.51703923]), 0.16783216783216784]