[array([ 2.78000000e-01, -4.61434818e-05,  6.78221426e-01]), 0.3194444444444444]
[array([0.47366625, 0.00530075, 0.5112892 ]), 0.013888888888888888]
[array([0.49406107, 0.0160145 , 0.5270294 ]), 0.032407407407407406]
[array([0.44462021, 0.02181072, 0.53565685]), 0.25925925925925924]
[array([0.48465588, 0.0798243 , 0.52014012]), 0.25462962962962965]
[array([0.48313835, 0.00997901, 0.58069835]), 0.06944444444444445]
[array([0.49037655, 0.079661  , 0.52995095]), 0.22685185185185186]
[array([0.4488764 , 0.01244107, 0.55907059]), 0.05092592592592592]
[array([0.44265788, 0.00477979, 0.51764378]), 0.26851851851851855]
[array([0.46252833, 0.00397317, 0.50722275]), 0.28703703703703703]
[array([0.45037089, 0.00286097, 0.50045048]), 0.2916666666666667]
[array([0.39416807, 0.00306857, 0.52039095]), 0.27314814814814814]
[array([0.45388392, 0.00183007, 0.56665506]), 0.009259259259259259]
[array([0.45409969, 0.01295957, 0.50578034]), 0.14814814814814814]
[array([0.42035512, 0.00735653, 0.5372275 ]), 0.032407407407407406]
[array([0.48087055, 0.02462791, 0.55513366]), 0.06944444444444445]
[array([0.47444428, 0.04863737, 0.53112553]), 0.009259259259259259]
[array([0.44895806, 0.0474886 , 0.53728861]), 0.25925925925925924]
[array([0.44589113, 0.02158634, 0.50174538]), 0.27314814814814814]
[array([0.48273832, 0.05855694, 0.50364356]), 0.2638888888888889]
[array([0.39389617, 0.00205237, 0.52749614]), 0.26851851851851855]
[array([0.43260738, 0.01063113, 0.55328774]), 0.037037037037037035]
[array([0.42379337, 0.03486787, 0.53371128]), 0.2175925925925926]
[array([0.45045162, 0.00212917, 0.5319455 ]), 0.2777777777777778]
[array([0.4941829 , 0.06390961, 0.50315308]), 0.27314814814814814]
[array([0.41651439, 0.03484862, 0.52543004]), 0.05092592592592592]
[array([0.46120736, 0.05463258, 0.51602515]), 0.2638888888888889]
[array([0.49186972, 0.03452577, 0.52985261]), 0.07407407407407407]
[array([4.70463528e-01, 5.13590683e-04, 5.54747416e-01]), 0.26851851851851855]
[array([0.48915302, 0.03218954, 0.53582144]), 0.018518518518518517]
[array([0.42169927, 0.01548523, 0.53895929]), 0.004629629629629629]
[array([0.40876418, 0.07036382, 0.50257991]), 0.25925925925925924]
[array([0.44507768, 0.00557383, 0.5382318 ]), 0.27314814814814814]
[array([0.42788005, 0.06605558, 0.51464466]), 0.2638888888888889]
[array([0.49602553, 0.00720764, 0.61091638]), 0.06481481481481481]
[array([0.36110404, 0.09271735, 0.51499391]), 0.004629629629629629]
[array([0.45144195, 0.0535831 , 0.50319787]), 0.26851851851851855]
[array([0.45133574, 0.00778262, 0.56923335]), 0.023148148148148147]
[array([0.46518083, 0.02417712, 0.5169733 ]), 0.06018518518518518]
[array([0.41649319, 0.03509172, 0.52381614]), 0.2638888888888889]
[array([0.44942076, 0.05814239, 0.52305713]), 0.2824074074074074]
[array([0.46734385, 0.0660313 , 0.50341181]), 0.2824074074074074]
[array([0.43945263, 0.07401491, 0.51709855]), 0.25462962962962965]
[array([0.48289205, 0.0449669 , 0.60891754]), 0.018518518518518517]
[array([0.43245406, 0.00677083, 0.54371357]), 0.032407407407407406]
[array([0.48213602, 0.07135174, 0.53642924]), 0.2638888888888889]
[array([0.45270963, 0.04115569, 0.54926419]), 0.26851851851851855]
[array([0.47830096, 0.04744981, 0.51669487]), 0.28703703703703703]
[array([0.47321611, 0.00594725, 0.57574747]), 0.08796296296296297]
[array([0.49188014, 0.03608206, 0.60769048]), 0.018518518518518517]
[array([0.39540845, 0.01532819, 0.50670623]), 0.2777777777777778]
[array([0.43727923, 0.0366119 , 0.51721934]), 0.23148148148148148]
[array([0.49427436, 0.01907548, 0.53659137]), 0.037037037037037035]
[array([0.43962922, 0.05899593, 0.51064771]), 0.27314814814814814]
[array([0.48997004, 0.01642521, 0.55796147]), 0.0787037037037037]
[array([0.40475016, 0.00820614, 0.51705777]), 0.24074074074074073]
[array([0.42204313, 0.01654422, 0.5287767 ]), 0.24537037037037038]
[array([0.45165439, 0.04187945, 0.53790408]), 0.2824074074074074]
[array([0.48933947, 0.0078798 , 0.55173861]), 0.36574074074074076]
[array([0.44350752, 0.06086875, 0.52986203]), 0.23148148148148148]
[array([0.47652796, 0.04982507, 0.52404895]), 0.28703703703703703]
[array([0.33823132, 0.05010679, 0.50265838]), 0.06944444444444445]
[array([0.44125129, 0.0398101 , 0.50900574]), 0.2777777777777778]
[array([0.42716527, 0.01224737, 0.53856542]), 0.17592592592592593]
[array([0.46035175, 0.06454312, 0.50967525]), 0.2777777777777778]
[array([0.49677882, 0.02495656, 0.62044282]), 0.27314814814814814]
[array([0.49946015, 0.04542301, 0.60420779]), 0.032407407407407406]
[array([0.3903757 , 0.01461372, 0.50490284]), 0.2777777777777778]
[array([0.46165147, 0.04168274, 0.55931684]), 0.018518518518518517]
[array([4.01720513e-01, 2.65931866e-04, 5.22902984e-01]), 0.27314814814814814]
[array([0.497251  , 0.0105492 , 0.53902513]), 0.3055555555555556]
[array([0.35314057, 0.13980593, 0.50653915]), 0.0787037037037037]
[array([4.98447542e-01, 5.13820354e-04, 5.91060841e-01]), 0.09722222222222222]
[array([0.4961712 , 0.01669506, 0.55638166]), 0.0787037037037037]
[array([0.42569483, 0.00088613, 0.51014962]), 0.27314814814814814]
[array([0.47326442, 0.07296503, 0.5009768 ]), 0.2824074074074074]
[array([0.42105342, 0.04161075, 0.51900533]), 0.2638888888888889]
[array([0.42609493, 0.0520926 , 0.5206989 ]), 0.2638888888888889]
[array([0.46480065, 0.03918392, 0.51138411]), 0.3101851851851852]
[array([0.44181745, 0.00334451, 0.55230153]), 0.032407407407407406]
[array([0.43196047, 0.07303473, 0.50355068]), 0.25925925925925924]
[array([0.37534859, 0.12131429, 0.54400816]), 0.013888888888888888]
[array([0.43946043, 0.02752731, 0.54726233]), 0.023148148148148147]
[array([0.4967002 , 0.02430216, 0.51177666]), 0.26851851851851855]
[array([0.45097726, 0.04528213, 0.50954557]), 0.26851851851851855]
[array([0.43294027, 0.05924882, 0.52546226]), 0.25925925925925924]
[array([0.38595625, 0.01588252, 0.50658742]), 0.26851851851851855]
[array([0.43111753, 0.02644496, 0.5260622 ]), 0.2361111111111111]
[array([0.48651796, 0.00551203, 0.50574862]), 0.032407407407407406]
[array([0.49838158, 0.02394838, 0.56701004]), 0.18055555555555555]
[array([0.36420762, 0.08369424, 0.54551064]), 0.1111111111111111]
[array([0.49109197, 0.01854445, 0.51660637]), 0.05555555555555555]
[array([0.47708693, 0.03060387, 0.52151536]), 0.013888888888888888]
[array([0.46867187, 0.00389904, 0.55642927]), 0.06018518518518518]
[array([0.48458465, 0.01213786, 0.60390529]), 0.041666666666666664]
[array([0.46532619, 0.07912365, 0.51771652]), 0.24537037037037038]
[array([4.68443455e-01, 3.14498359e-04, 5.65489429e-01]), 0.06018518518518518]
[array([0.38912967, 0.01378445, 0.5155168 ]), 0.2638888888888889]
[array([0.46523087, 0.01568645, 0.56478004]), 0.037037037037037035]
[array([0.49429954, 0.00446863, 0.5011588 ]), 0.3055555555555556]
[array([0.41756749, 0.01711385, 0.51116527]), 0.2638888888888889]
[array([0.49886379, 0.0102474 , 0.51614768]), 0.05092592592592592]
[array([0.49889059, 0.0837324 , 0.52423301]), 0.12037037037037036]
[array([0.4272665 , 0.04233785, 0.54245838]), 0.013888888888888888]
[array([0.41237418, 0.01290486, 0.5298455 ]), 0.25]
[array([0.4405374 , 0.06140743, 0.50547381]), 0.26851851851851855]
[array([0.49361119, 0.02108373, 0.51731432]), 0.08333333333333333]
[array([0.42786397, 0.06644802, 0.51090332]), 0.25925925925925924]
[array([0.44149728, 0.01205955, 0.52290212]), 0.2638888888888889]
[array([0.47195711, 0.0689104 , 0.50019337]), 0.2824074074074074]
[array([0.4959553 , 0.00949251, 0.62193951]), 0.0787037037037037]
[array([0.41809847, 0.06726442, 0.50612488]), 0.2638888888888889]
[array([0.44238152, 0.03674458, 0.52480528]), 0.023148148148148147]
[array([0.48765441, 0.0419981 , 0.51983795]), 0.2962962962962963]
[array([0.4613257 , 0.03646308, 0.51810138]), 0.2916666666666667]
[array([0.46759209, 0.04611302, 0.55121586]), 0.013888888888888888]
[array([0.46271379, 0.01044612, 0.57172986]), 0.013888888888888888]
[array([0.41226591, 0.04701636, 0.50577593]), 0.25925925925925924]
[array([0.42286418, 0.04381848, 0.50995396]), 0.2638888888888889]
[array([0.44820598, 0.01490996, 0.56738073]), 0.14351851851851852]
[array([0.49048545, 0.00617621, 0.60914562]), 0.013888888888888888]
[array([0.49057771, 0.04146859, 0.6021658 ]), 0.032407407407407406]
[array([0.47508396, 0.02556276, 0.54019015]), 0.09722222222222222]
[array([0.42503222, 0.06182075, 0.51364442]), 0.2638888888888889]
[array([0.45227655, 0.01392235, 0.52211964]), 0.27314814814814814]
[array([0.44050976, 0.03264233, 0.50322579]), 0.25]
[array([0.48538047, 0.01270909, 0.60526304]), 0.023148148148148147]
[array([0.43017878, 0.04015075, 0.53435415]), 0.2361111111111111]
[array([0.47139381, 0.01964356, 0.56548498]), 0.05092592592592592]
[array([0.45263755, 0.00513647, 0.55399225]), 0.26851851851851855]
[array([0.48994793, 0.00933838, 0.53020187]), 0.08333333333333333]
[array([0.40226278, 0.05992853, 0.53663395]), 0.027777777777777776]
[array([0.41523654, 0.05595773, 0.51321891]), 0.25462962962962965]
[array([0.44693334, 0.07128319, 0.52338826]), 0.2361111111111111]
[array([0.48114377, 0.03345564, 0.53819326]), 0.06018518518518518]
[array([0.48546722, 0.08100825, 0.52081312]), 0.18981481481481483]
[array([0.44788916, 0.05471696, 0.51815985]), 0.2638888888888889]
[array([0.49679088, 0.0706078 , 0.52220152]), 0.2824074074074074]
[array([0.42828763, 0.02098355, 0.5014523 ]), 0.2777777777777778]
[array([0.39609493, 0.01751828, 0.502624  ]), 0.2824074074074074]
[array([0.4143136 , 0.0276645 , 0.53319058]), 0.22685185185185186]
[array([0.47695362, 0.00780629, 0.60159601]), 0.041666666666666664]
[array([0.40976815, 0.00689681, 0.57742149]), 0.06018518518518518]
[array([0.48123175, 0.02865842, 0.50443012]), 0.05092592592592592]
[array([0.42027338, 0.05642036, 0.51679617]), 0.25925925925925924]
[array([0.4652884 , 0.02650598, 0.52040673]), 0.2777777777777778]
[array([0.46864583, 0.0750165 , 0.51305003]), 0.25925925925925924]
[array([0.47392766, 0.05640143, 0.52845906]), 0.2824074074074074]
[array([0.42931811, 0.00098127, 0.52400701]), 0.26851851851851855]
[array([0.38860997, 0.14082556, 0.50603874]), 0.08333333333333333]
[array([0.48197481, 0.04171709, 0.54257076]), 0.27314814814814814]
[array([0.49632212, 0.01835824, 0.51666794]), 0.032407407407407406]
[array([0.33936004, 0.13917671, 0.51284433]), 0.6157407407407407]
[array([0.49771431, 0.0114213 , 0.62279818]), 0.027777777777777776]
[array([0.49425846, 0.09540436, 0.50062698]), 0.12037037037037036]
[array([0.42918771, 0.07449715, 0.51111276]), 0.25925925925925924]
[array([0.46014465, 0.01302661, 0.54921551]), 0.027777777777777776]
[array([0.43308674, 0.07383271, 0.5300059 ]), 0.22685185185185186]
[array([0.46393821, 0.07038436, 0.51060323]), 0.2824074074074074]
[array([0.42319044, 0.00179864, 0.53593233]), 0.0]
[array([3.89462989e-01, 1.44754991e-04, 5.80478220e-01]), 0.023148148148148147]
[array([0.41758452, 0.0474958 , 0.50107361]), 0.27314814814814814]
[array([0.43753333, 0.02462394, 0.5409091 ]), 0.046296296296296294]
[array([0.4073859 , 0.03236779, 0.51367448]), 0.2638888888888889]
[array([0.47444809, 0.01931284, 0.56229471]), 0.09259259259259259]
[array([0.49167926, 0.03797429, 0.60770667]), 0.027777777777777776]
[array([0.4661651 , 0.04576593, 0.55606535]), 0.013888888888888888]
[array([0.49088359, 0.03887028, 0.52621655]), 0.07407407407407407]
[array([0.48787883, 0.05111999, 0.51269838]), 0.28703703703703703]
[array([0.45657837, 0.02639588, 0.53853004]), 0.26851851851851855]
[array([0.44264582, 0.04338718, 0.53933137]), 0.032407407407407406]
[array([0.44161142, 0.01519835, 0.52658669]), 0.037037037037037035]
[array([0.46029569, 0.01272442, 0.53393974]), 0.2777777777777778]
[array([0.49327712, 0.00968367, 0.58004221]), 0.013888888888888888]
[array([0.48701358, 0.0189568 , 0.50894299]), 0.07407407407407407]
[array([0.42141588, 0.07514687, 0.50756334]), 0.25925925925925924]
[array([0.48128391, 0.02637507, 0.54900078]), 0.2824074074074074]
[array([0.42251896, 0.00456407, 0.52998217]), 0.12037037037037036]
[array([0.47820473, 0.00394805, 0.58930518]), 0.05092592592592592]
[array([0.46377793, 0.0072672 , 0.53313687]), 0.027777777777777776]
[array([0.471296  , 0.05940673, 0.52379015]), 0.2824074074074074]
[array([0.49415927, 0.01922697, 0.51698741]), 0.2824074074074074]
[array([0.48802642, 0.05565863, 0.53669668]), 0.018518518518518517]
[array([0.49210659, 0.03918157, 0.56893628]), 0.023148148148148147]
[array([0.48623932, 0.06157439, 0.5296309 ]), 0.2916666666666667]
[array([0.44539967, 0.0310528 , 0.50594529]), 0.25925925925925924]
[array([0.4483572 , 0.03985598, 0.5011887 ]), 0.2777777777777778]
[array([0.41774693, 0.06098239, 0.51551775]), 0.25462962962962965]
[array([0.3355271 , 0.09503469, 0.53144584]), 0.032407407407407406]
[array([0.49936158, 0.04573227, 0.50245775]), 0.30092592592592593]
[array([0.46584382, 0.01840751, 0.54781535]), 0.2777777777777778]
[array([0.48425443, 0.00666634, 0.54016822]), 0.2037037037037037]
[array([0.47136837, 0.00458705, 0.53316467]), 0.06944444444444445]
[array([0.43409366, 0.05936245, 0.53180816]), 0.2361111111111111]
[array([0.44407223, 0.00845632, 0.56009813]), 0.09259259259259259]
[array([0.42409978, 0.07066417, 0.50549987]), 0.25925925925925924]
[array([0.48125979, 0.00247023, 0.59750447]), 0.027777777777777776]
[array([0.44983929, 0.03447003, 0.53381677]), 0.013888888888888888]
[array([0.49986804, 0.02073092, 0.56082913]), 0.027777777777777776]
[array([0.47056084, 0.02699935, 0.56115477]), 0.26851851851851855]
[array([0.43568295, 0.01621886, 0.50882047]), 0.28703703703703703]
[array([0.4584908 , 0.0479315 , 0.53000786]), 0.041666666666666664]
[array([0.42803025, 0.02798414, 0.52274854]), 0.2175925925925926]
[array([0.48261805, 0.01481841, 0.58876856]), 0.004629629629629629]
[array([0.45263671, 0.06919884, 0.51250919]), 0.27314814814814814]
[array([0.44407945, 0.03923691, 0.5055015 ]), 0.2777777777777778]
[array([0.49999042, 0.01794576, 0.51190202]), 0.023148148148148147]
[array([0.47047813, 0.00092274, 0.52159446]), 0.3148148148148148]
[array([0.44056288, 0.00570254, 0.52365994]), 0.2638888888888889]
[array([0.42258462, 0.00148687, 0.57527997]), 0.009259259259259259]
[array([0.45199305, 0.01120297, 0.50343652]), 0.2824074074074074]
[array([0.47815868, 0.02860488, 0.57211948]), 0.023148148148148147]
[array([0.47718431, 0.06774294, 0.50470364]), 0.2916666666666667]
[array([0.43756061, 0.00786096, 0.57025264]), 0.018518518518518517]
[array([0.42397519, 0.00133047, 0.54106734]), 0.08796296296296297]
[array([0.42219046, 0.06102774, 0.50524364]), 0.25925925925925924]
[array([0.47819166, 0.0210656 , 0.56514122]), 0.05092592592592592]