[array([ 2.78000000e-01, -4.61434818e-05,  6.78221426e-01]), 0.05263157894736842]
[array([0.30673034, 0.19048907, 0.45521621]), 0.4327485380116959]
[array([0.30002844, 0.22487459, 0.54180678]), 0.40350877192982454]
[array([0.31077448, 0.21319524, 0.52296411]), 0.2573099415204678]
[array([0.24751333, 0.17475519, 0.56013294]), 0.5614035087719298]
[array([0.46384977, 0.09523818, 0.48084586]), 0.029239766081871343]
[array([0.28710722, 0.22415194, 0.59178673]), 0.2046783625730994]
[array([0.23806771, 0.21923199, 0.72741353]), 0.38011695906432746]
[array([0.26987901, 0.07507782, 0.51594647]), 0.2807017543859649]
[array([0.34016217, 0.24274945, 0.49924765]), 0.4093567251461988]
[array([0.27527691, 0.23310666, 0.55666157]), 0.42105263157894735]
[array([0.39460367, 0.21230654, 0.42668029]), 0.3391812865497076]
[array([0.28154034, 0.21859295, 0.70062743]), 0.08771929824561403]
[array([0.27717908, 0.23816275, 0.54215021]), 0.5029239766081871]
[array([0.40383693, 0.21077008, 0.46362351]), 0.04678362573099415]
[array([0.33458519, 0.17412121, 0.47772174]), 0.4619883040935672]
[array([0.27114676, 0.0638463 , 0.53280977]), 0.3216374269005848]
[array([0.30451574, 0.17679119, 0.44368821]), 0.29239766081871343]
[array([0.24301173, 0.20600859, 0.69398939]), 0.38596491228070173]
[array([0.25037196, 0.21579861, 0.70766611]), 0.07602339181286549]
[array([0.30036432, 0.22224984, 0.43491011]), 0.3742690058479532]
[array([0.28368454, 0.23035865, 0.7098916 ]), 0.15789473684210525]
[array([0.25036681, 0.17925982, 0.51281106]), 0.47368421052631576]
[array([0.27740432, 0.21356526, 0.59903044]), 0.5087719298245614]
[array([0.2891401 , 0.18793317, 0.46426932]), 0.3684210526315789]
[array([0.24752382, 0.23080045, 0.50844264]), 0.4853801169590643]
[array([0.34090023, 0.16670948, 0.55149853]), 0.5146198830409356]
[array([0.3658161 , 0.2346188 , 0.46620304]), 0.16374269005847952]
[array([0.29280118, 0.09301067, 0.4324199 ]), 0.23976608187134502]
[array([0.31357825, 0.23841354, 0.4296933 ]), 0.47953216374269003]
[array([0.26101057, 0.160127  , 0.55742691]), 0.27485380116959063]
[array([0.2529259 , 0.07199865, 0.51637058]), 0.3333333333333333]
[array([0.27071138, 0.18734984, 0.4386225 ]), 0.3391812865497076]
[array([0.37119708, 0.20804912, 0.51711409]), 0.45614035087719296]
[array([0.44091704, 0.04503514, 0.42803732]), 0.0]
[array([0.26790015, 0.16313123, 0.53708234]), 0.4853801169590643]
[array([0.30026313, 0.2188085 , 0.70965754]), 0.10526315789473684]
[array([0.25209335, 0.2212469 , 0.61508065]), 0.4444444444444444]
[array([0.2411184 , 0.05072687, 0.64945997]), 0.13450292397660818]
[array([0.31040505, 0.23453843, 0.44377939]), 0.4502923976608187]
[array([0.2715904 , 0.14419716, 0.70644964]), 0.2046783625730994]
[array([0.26645621, 0.02961803, 0.62942612]), 0.2631578947368421]
[array([0.27010497, 0.21639085, 0.71952395]), 0.4853801169590643]
[array([0.32140261, 0.20459944, 0.50824305]), 0.18128654970760233]
[array([0.3949851 , 0.22755844, 0.43502131]), 0.3216374269005848]
[array([0.25171063, 0.13217966, 0.55124869]), 0.4502923976608187]
[array([0.24490419, 0.23754933, 0.73819535]), 0.4152046783625731]
[array([0.24106288, 0.21182358, 0.65883914]), 0.34502923976608185]
[array([0.27670216, 0.20424434, 0.49750076]), 0.4619883040935672]
[array([0.35283262, 0.22085925, 0.44713794]), 0.27485380116959063]
[array([ 0.23779433, -0.06757371,  0.68912987]), 0.3216374269005848]
[array([0.35882019, 0.19180441, 0.59221083]), 0.1111111111111111]
[array([0.27729574, 0.23009163, 0.68827586]), 0.08771929824561403]
[array([0.38654482, 0.22515398, 0.45436741]), 0.10526315789473684]
[array([0.24077264, 0.20199435, 0.43827594]), 0.30409356725146197]
[array([0.28645427, 0.15910087, 0.70710099]), 0.09941520467836257]
[array([0.29904741, 0.2035521 , 0.50321755]), 0.1695906432748538]
[array([0.34017518, 0.23967389, 0.42357659]), 0.04093567251461988]
[array([0.36079082, 0.18597065, 0.55141231]), 0.04678362573099415]
[array([0.32311416, 0.22328883, 0.70512819]), 0.3567251461988304]
[array([0.45430718, 0.09618998, 0.4544281 ]), 0.0]
[array([0.29095425, 0.18923085, 0.49872717]), 0.23391812865497075]
[array([0.29189369, 0.0443068 , 0.5534824 ]), 0.29239766081871343]
[array([0.4037654 , 0.19228282, 0.46375732]), 0.0]
[array([0.25858047, 0.06882828, 0.69281584]), 0.6023391812865497]
[array([0.305236  , 0.16947349, 0.4542847 ]), 0.28654970760233917]
[array([0.2882418 , 0.19627379, 0.73874761]), 0.21637426900584794]
[array([0.24108296, 0.00257374, 0.63053886]), 0.14035087719298245]
[array([0.30630808, 0.23081305, 0.67729691]), 0.1695906432748538]
[array([0.39455613, 0.22651162, 0.47566526]), 0.19883040935672514]
[array([0.25781764, 0.18714987, 0.71327446]), 0.05847953216374269]
[array([0.40105107, 0.21525036, 0.47554906]), 0.09941520467836257]
[array([ 0.28775392, -0.03054148,  0.62125346]), 0.3216374269005848]
[array([0.2813522 , 0.19300147, 0.53406459]), 0.34502923976608185]
[array([0.3202168 , 0.22923604, 0.5156663 ]), 0.3567251461988304]
[array([0.24672291, 0.20962149, 0.58836447]), 0.5906432748538012]
[array([ 0.43959621, -0.0371593 ,  0.62930672]), 0.023391812865497075]
[array([0.25617702, 0.21125359, 0.69781025]), 0.10526315789473684]
[array([0.28372168, 0.24238048, 0.7348678 ]), 0.3508771929824561]
[array([0.24955684, 0.17734684, 0.7224221 ]), 0.21052631578947367]
[array([0.31500981, 0.19520503, 0.43639699]), 0.3508771929824561]
[array([0.32378453, 0.21618286, 0.47337646]), 0.24561403508771928]
[array([0.23840047, 0.1083667 , 0.59081074]), 0.391812865497076]
[array([0.29014477, 0.22848094, 0.42316752]), 0.11695906432748537]
[array([0.25686788, 0.20321125, 0.48976171]), 0.3391812865497076]
[array([0.29362832, 0.19179604, 0.4738213 ]), 0.06432748538011696]
[array([0.24798177, 0.21096204, 0.42516826]), 0.0935672514619883]
[array([0.24554593, 0.18081285, 0.71368003]), 0.19298245614035087]
[array([0.27004149, 0.1726119 , 0.62160324]), 0.11695906432748537]
[array([0.24436833, 0.2431763 , 0.56556411]), 0.4327485380116959]
[array([0.25612083, 0.23157645, 0.56276852]), 0.39766081871345027]
[array([0.28081901, 0.07366919, 0.61040674]), 0.23976608187134502]
[array([0.26827089, 0.14903123, 0.69071899]), 0.19298245614035087]
[array([0.24177676, 0.18955726, 0.63098328]), 0.12280701754385964]
[array([0.27883932, 0.17652738, 0.70790495]), 0.40350877192982454]
[array([0.28763215, 0.08942852, 0.64046697]), 0.05847953216374269]
[array([0.39777948, 0.19339775, 0.57455914]), 0.17543859649122806]
[array([0.33841909, 0.17100534, 0.57379966]), 0.4502923976608187]
[array([0.25385127, 0.18139906, 0.6631148 ]), 0.21052631578947367]
[array([0.31037891, 0.18863126, 0.51992469]), 0.14619883040935672]
[array([0.24756156, 0.23172128, 0.4964417 ]), 0.2222222222222222]
[array([0.27521477, 0.17690307, 0.55031383]), 0.29239766081871343]
[array([ 0.2634991 , -0.02878865,  0.66915346]), 0.18128654970760233]
[array([0.28119178, 0.22108159, 0.46064165]), 0.4678362573099415]
[array([0.46829972, 0.11478669, 0.50608582]), 0.011695906432748537]
[array([ 0.24668352, -0.04941605,  0.6149395 ]), 0.6257309941520468]
[array([0.31125069, 0.11011345, 0.55143124]), 0.2807017543859649]
[array([0.30179334, 0.19640858, 0.55531076]), 0.08771929824561403]
[array([0.24675862, 0.18568758, 0.61957704]), 0.0935672514619883]
[array([0.38930294, 0.23663526, 0.48595462]), 0.21637426900584794]
[array([0.29785639, 0.21818083, 0.57819854]), 0.005847953216374269]
[array([0.249111  , 0.14994072, 0.45567769]), 0.2982456140350877]
[array([0.26028219, 0.23092469, 0.571572  ]), 0.34502923976608185]
[array([0.24028308, 0.05488756, 0.45407279]), 0.2046783625730994]
[array([0.35763389, 0.20970221, 0.43001033]), 0.1871345029239766]
[array([0.32532486, 0.12618671, 0.61639831]), 0.3508771929824561]
[array([0.24397651, 0.20784022, 0.49178342]), 0.5029239766081871]
[array([ 0.24592819, -0.06374902,  0.42720538]), 0.29239766081871343]
[array([0.2450926 , 0.19037207, 0.59565696]), 0.017543859649122806]
[array([0.25069485, 0.19502374, 0.50607481]), 0.011695906432748537]
[array([0.23835908, 0.18684385, 0.48820071]), 0.28654970760233917]
[array([0.30600251, 0.19671436, 0.55389865]), 0.3567251461988304]
[array([0.24610827, 0.15482841, 0.5141302 ]), 0.2222222222222222]
[array([0.27327693, 0.12125921, 0.47428996]), 0.08187134502923976]
[array([0.36979572, 0.21342689, 0.46096456]), 0.16374269005847952]
[array([0.25829511, 0.1868852 , 0.57157241]), 0.391812865497076]
[array([0.26794305, 0.20354697, 0.67017274]), 0.47953216374269003]
[array([0.26429821, 0.0543467 , 0.58442818]), 0.36257309941520466]
[array([0.24550641, 0.24102124, 0.71279297]), 0.22807017543859648]
[array([0.28795948, 0.12092574, 0.4361198 ]), 0.3742690058479532]
[array([0.24711646, 0.17427434, 0.69538566]), 0.21052631578947367]
[array([0.28822471, 0.15875883, 0.69671912]), 0.07602339181286549]
[array([ 0.32595998, -0.03841917,  0.53030366]), 0.07017543859649122]
[array([0.29265452, 0.24112951, 0.70182431]), 0.09941520467836257]
[array([0.2909126 , 0.17201957, 0.69763493]), 0.6257309941520468]
[array([0.24289371, 0.19943171, 0.50393717]), 0.1111111111111111]
[array([0.29536332, 0.22824186, 0.4655734 ]), 0.4093567251461988]
[array([0.26207287, 0.19625938, 0.57740265]), 0.3157894736842105]
[array([0.32712442, 0.19998052, 0.54328781]), 0.5672514619883041]
[array([0.25033594, 0.18490559, 0.45449447]), 0.29239766081871343]
[array([0.24668111, 0.12740586, 0.67460822]), 0.21637426900584794]
[array([0.28529689, 0.22527393, 0.48038379]), 0.017543859649122806]
[array([0.29191219, 0.20743293, 0.55589184]), 0.3508771929824561]
[array([0.29311948, 0.24286077, 0.71163929]), 0.09941520467836257]
[array([0.32447045, 0.21522852, 0.51703335]), 0.2046783625730994]
[array([0.25437924, 0.17792163, 0.44481174]), 0.4619883040935672]
[array([0.24135888, 0.19468106, 0.57724843]), 0.13450292397660818]
[array([0.48028758, 0.11016885, 0.46320017]), 0.029239766081871343]
[array([ 0.37442482, -0.07397816,  0.61278729]), 0.04678362573099415]
[array([0.30500032, 0.14966991, 0.42798583]), 0.2222222222222222]
[array([0.28327497, 0.22715707, 0.47137962]), 0.3391812865497076]
[array([0.24348598, 0.2153608 , 0.5777648 ]), 0.26900584795321636]
[array([0.36929413, 0.23726997, 0.46109407]), 0.1695906432748538]
[array([0.32534178, 0.21906051, 0.51047157]), 0.28654970760233917]
[array([0.24885676, 0.13285946, 0.67010245]), 0.1286549707602339]
[array([0.25803983, 0.12821867, 0.58065821]), 0.47953216374269003]
[array([0.35567234, 0.23013879, 0.47529244]), 0.2222222222222222]
[array([0.29575829, 0.20723353, 0.57538864]), 0.3567251461988304]
[array([0.2772826 , 0.22638632, 0.6150195 ]), 0.005847953216374269]
[array([0.37472347, 0.21187379, 0.42768398]), 0.21052631578947367]
[array([0.24441677, 0.22302461, 0.45187709]), 0.06432748538011696]
[array([0.2651953 , 0.23107035, 0.54346616]), 0.4327485380116959]
[array([0.23731102, 0.18929987, 0.59349903]), 0.42105263157894735]
[array([0.25163571, 0.20656975, 0.71492995]), 0.2631578947368421]
[array([0.27394305, 0.10866059, 0.46833599]), 0.0]
[array([0.27022502, 0.18837629, 0.46071539]), 0.029239766081871343]
[array([ 0.36783169, -0.05182269,  0.59977799]), 0.07017543859649122]
[array([0.250139  , 0.18855516, 0.6854585 ]), 0.2222222222222222]
[array([0.25951683, 0.20247583, 0.52821195]), 0.4152046783625731]
[array([ 0.40824698, -0.00329822,  0.6050835 ]), 0.05847953216374269]
[array([0.29111012, 0.21699809, 0.508193  ]), 0.3742690058479532]
[array([0.28485942, 0.19847226, 0.42805298]), 0.30409356725146197]