[array([ 2.78000000e-01, -4.61434818e-05,  6.78221426e-01]), 0.37404580152671757]
[array([0.42174679, 0.04462581, 0.56134764]), 0.183206106870229]
[array([0.42842702, 0.04682595, 0.57535887]), 0.48091603053435117]
[array([0.42316878, 0.05050432, 0.55706865]), 0.22137404580152673]
[array([0.36367117, 0.07342751, 0.56958921]), 0.19083969465648856]
[array([0.43577447, 0.05391965, 0.54323967]), 0.1984732824427481]
[array([0.43404244, 0.04679721, 0.58785057]), 0.46564885496183206]
[array([0.37141629, 0.08319   , 0.59213105]), 0.3282442748091603]
[array([0.35853498, 0.07862527, 0.5989831 ]), 0.7633587786259542]
[array([0.4313899 , 0.04933496, 0.54345581]), 0.007633587786259542]
[array([0.38184335, 0.0771591 , 0.61649792]), 0.26717557251908397]
[array([0.43689502, 0.04758787, 0.5613666 ]), 0.46564885496183206]
[array([0.42768433, 0.0562373 , 0.57453275]), 0.1450381679389313]
[array([0.40521599, 0.05328393, 0.57956048]), 0.20610687022900764]
[array([0.40858248, 0.04746269, 0.56681804]), 0.48091603053435117]
[array([0.43156462, 0.04507226, 0.61862456]), 0.24427480916030533]
[array([0.43368341, 0.04717416, 0.57336951]), 0.48854961832061067]
[array([0.42982064, 0.0544647 , 0.55299834]), 0.3282442748091603]
[array([0.38103527, 0.05121728, 0.61463242]), 0.2366412213740458]
[array([0.38858882, 0.05708526, 0.55075715]), 0.12213740458015267]
[array([0.4362543 , 0.04354677, 0.58670984]), 0.48091603053435117]
[array([0.43516213, 0.05131369, 0.57006338]), 0.4198473282442748]
[array([0.4211467 , 0.04738626, 0.56316732]), 0.015267175572519083]
[array([0.36253058, 0.05690064, 0.59327681]), 0.8091603053435115]
[array([0.39362413, 0.05489245, 0.6050348 ]), 0.40458015267175573]
[array([0.4296536 , 0.05608236, 0.56244125]), 0.42748091603053434]
[array([0.42966396, 0.05598382, 0.54927547]), 0.44274809160305345]
[array([0.42414028, 0.04665801, 0.55877107]), 0.061068702290076333]
[array([0.35814468, 0.11292848, 0.57701581]), 0.09923664122137404]
[array([0.4262615 , 0.04474712, 0.56828642]), 0.48091603053435117]
[array([0.3687717 , 0.08454618, 0.54318449]), 0.22137404580152673]
[array([0.43281956, 0.04482243, 0.5588651 ]), 0.46564885496183206]
[array([0.42668928, 0.05170064, 0.55613348]), 0.44274809160305345]
[array([0.36135753, 0.11326612, 0.59287876]), 0.3053435114503817]
[array([0.42002647, 0.05691024, 0.54973849]), 0.007633587786259542]
[array([0.35886388, 0.06299228, 0.57122367]), 0.6030534351145038]
[array([0.42086774, 0.04707363, 0.54557579]), 0.3511450381679389]
[array([0.42218081, 0.0491037 , 0.59178372]), 0.22137404580152673]
[array([0.41747979, 0.0564129 , 0.54351226]), 0.26717557251908397]
[array([0.4318343 , 0.04654018, 0.5709264 ]), 0.48854961832061067]
[array([0.42888747, 0.04336178, 0.56511284]), 0.4961832061068702]
[array([0.43066207, 0.04348785, 0.57348083]), 0.4961832061068702]
[array([0.38310838, 0.06354951, 0.54875343]), 0.04580152671755725]
[array([0.36494302, 0.12079173, 0.54599338]), 0.3511450381679389]
[array([0.35742536, 0.06352851, 0.61432851]), 0.35877862595419846]
[array([0.37690468, 0.09233991, 0.58917277]), 0.19083969465648856]
[array([0.3960033 , 0.06256585, 0.56796141]), 0.07633587786259542]
[array([0.43360604, 0.04821156, 0.57427052]), 0.1297709923664122]
[array([0.39138691, 0.05411502, 0.6124726 ]), 0.2824427480916031]
[array([0.42896297, 0.0552622 , 0.54702786]), 0.37404580152671757]
[array([0.37954677, 0.06526607, 0.61626305]), 0.17557251908396945]
[array([0.37828472, 0.0831862 , 0.58493261]), 0.15267175572519084]
[array([0.42345307, 0.04493391, 0.55710723]), 0.22137404580152673]
[array([0.42834331, 0.05517437, 0.55179365]), 0.42748091603053434]
[array([0.42083847, 0.0509495 , 0.55261778]), 0.10687022900763359]
[array([0.36438442, 0.06899603, 0.5755795 ]), 0.022900763358778626]
[array([0.42969373, 0.04815577, 0.55332055]), 0.4580152671755725]
[array([0.42075774, 0.04739766, 0.55266334]), 0.06870229007633588]
[array([0.36787978, 0.04734595, 0.58283366]), 0.6946564885496184]
[array([0.36789459, 0.04751506, 0.55603298]), 0.6641221374045801]
[array([0.43595261, 0.05462165, 0.55111478]), 0.45038167938931295]
[array([0.43025818, 0.04434214, 0.57140768]), 0.4961832061068702]
[array([0.43119771, 0.04776607, 0.56497308]), 0.48091603053435117]
[array([0.36245213, 0.06456566, 0.56890057]), 0.6030534351145038]
[array([0.42700873, 0.04441355, 0.55614222]), 0.46564885496183206]
[array([0.39219434, 0.06925002, 0.58595425]), 0.11450381679389313]
[array([0.38192193, 0.05162448, 0.5739264 ]), 0.1984732824427481]
[array([0.43618399, 0.05645395, 0.556097  ]), 0.45038167938931295]
[array([0.42008992, 0.05585621, 0.55074588]), 0.015267175572519083]
[array([0.42904986, 0.04761506, 0.56141141]), 0.45038167938931295]
[array([0.43637988, 0.04937107, 0.55076478]), 0.4732824427480916]
[array([0.38724176, 0.06050058, 0.60400121]), 0.11450381679389313]
[array([0.4354331 , 0.0526572 , 0.54591447]), 0.4732824427480916]
[array([0.37027122, 0.08340768, 0.59656462]), 0.3435114503816794]
[array([0.37046346, 0.04892406, 0.55821841]), 0.5877862595419847]
[array([0.38745367, 0.05605892, 0.55481221]), 0.5954198473282443]
[array([0.36191004, 0.06686771, 0.59679193]), 0.7022900763358778]
[array([0.43496597, 0.04533711, 0.54892951]), 0.48091603053435117]
[array([0.42358111, 0.04337579, 0.58923299]), 0.46564885496183206]
[array([0.36090578, 0.0720426 , 0.59466462]), 0.8473282442748091]
[array([0.36606405, 0.09914841, 0.61774496]), 0.31297709923664124]
[array([0.36532938, 0.09510819, 0.56945034]), 0.2824427480916031]
[array([0.41348808, 0.0575356 , 0.5497339 ]), 0.030534351145038167]
[array([0.42390984, 0.0555778 , 0.55827537]), 0.015267175572519083]
[array([0.36226033, 0.04457621, 0.56248993]), 0.3282442748091603]
[array([0.43298774, 0.05383532, 0.56639261]), 0.3969465648854962]
[array([0.37529016, 0.04618798, 0.57449469]), 0.5648854961832062]
[array([0.43488657, 0.04682232, 0.58287744]), 0.07633587786259542]
[array([0.43458714, 0.04511066, 0.59077196]), 0.4732824427480916]
[array([0.35770584, 0.11458122, 0.58908068]), 0.6870229007633588]
[array([0.43658843, 0.05311031, 0.54349809]), 0.08396946564885496]
[array([0.41308137, 0.05228607, 0.6130605 ]), 0.3435114503816794]
[array([0.4369953 , 0.05191397, 0.5487132 ]), 0.4732824427480916]
[array([0.42730537, 0.057193  , 0.54830153]), 0.16793893129770993]
[array([0.42109887, 0.0565333 , 0.54589589]), 0.17557251908396945]
[array([0.43603657, 0.05259276, 0.5568081 ]), 0.45038167938931295]
[array([0.36327521, 0.08696983, 0.60562403]), 0.6793893129770993]
[array([0.43305616, 0.05367738, 0.54770597]), 0.45038167938931295]
[array([0.42219405, 0.04741898, 0.5834008 ]), 0.29770992366412213]
[array([0.40232498, 0.04557809, 0.60570668]), 0.25190839694656486]
[array([0.42640556, 0.04394068, 0.59073211]), 0.4351145038167939]
[array([0.36778254, 0.0892126 , 0.5620988 ]), 0.29770992366412213]
[array([0.41557057, 0.0547974 , 0.55450678]), 0.015267175572519083]
[array([0.43620771, 0.04592871, 0.58207553]), 0.3893129770992366]
[array([0.421971  , 0.05322268, 0.55116853]), 0.015267175572519083]
[array([0.39708638, 0.06318315, 0.61324816]), 0.3053435114503817]
[array([0.42716372, 0.04867005, 0.56923599]), 0.44274809160305345]
[array([0.42758592, 0.04391564, 0.55850563]), 0.46564885496183206]
[array([0.36465831, 0.0555661 , 0.57525728]), 0.0]
[array([0.37066615, 0.11956352, 0.55799208]), 0.11450381679389313]
[array([0.43198217, 0.04699517, 0.5970261 ]), 0.2824427480916031]
[array([0.40834949, 0.05599827, 0.62048233]), 0.45038167938931295]
[array([0.42917583, 0.04637685, 0.54310877]), 0.0916030534351145]
[array([0.37367727, 0.1129407 , 0.55485527]), 0.4961832061068702]
[array([0.38204233, 0.0433315 , 0.56752636]), 0.37404580152671757]
[array([0.42579144, 0.05226117, 0.55189927]), 0.19083969465648856]
[array([0.4292837 , 0.04750593, 0.54499065]), 0.46564885496183206]
[array([0.36583631, 0.07625366, 0.54361217]), 0.7099236641221374]
[array([0.42135741, 0.04668253, 0.54530092]), 0.44274809160305345]
[array([0.40036044, 0.04363338, 0.59115548]), 0.24427480916030533]
[array([0.43028101, 0.050712  , 0.54883841]), 0.4580152671755725]
[array([0.41636537, 0.0560906 , 0.54493986]), 0.022900763358778626]
[array([0.39804061, 0.04776645, 0.56378245]), 0.4961832061068702]
[array([0.36539498, 0.05261941, 0.57160437]), 0.648854961832061]
[array([0.42576364, 0.04826779, 0.57551295]), 0.4351145038167939]
[array([0.42927775, 0.04569253, 0.56492847]), 0.04580152671755725]
[array([0.41929927, 0.0513867 , 0.5461884 ]), 0.022900763358778626]
[array([0.36027325, 0.09493405, 0.55872286]), 0.25190839694656486]
[array([0.36168908, 0.04747776, 0.60572758]), 0.6106870229007634]
[array([0.42675388, 0.04919378, 0.54782856]), 0.45038167938931295]
[array([0.43193466, 0.05461394, 0.54317511]), 0.19083969465648856]
[array([0.41962814, 0.0525774 , 0.55158178]), 0.19083969465648856]