[0.18983871 0.1150125  0.69716913]
[0.55894579 0.07797372 0.54569544]
[0.56033789 0.14638338 0.5605543 ]
[0.50696623 0.12306661 0.60958531]
[0.54771153 0.13546365 0.59097876]
[0.50316417 0.07500445 0.50506137]
[0.58460225 0.08762205 0.50707102]
[0.50077511 0.0696391  0.593893  ]
[0.53474942 0.14456375 0.63205415]
[0.63170469 0.12705517 0.5200043 ]
[0.57159191 0.1069697  0.51456128]
[0.52722315 0.12134381 0.53631783]
[0.57724154 0.08155021 0.54345334]
[0.56187845 0.12150012 0.52102659]
[0.52844758 0.05749666 0.53377484]
[0.55708933 0.10812971 0.53372271]
[0.6440393  0.13320551 0.53025753]
[0.58622467 0.15403709 0.59231344]
[0.58829737 0.14296218 0.50884326]
[0.64126775 0.14594685 0.50007807]
[0.51676556 0.09740253 0.53317574]
[0.60234701 0.08745042 0.51847434]
[0.52916149 0.07896254 0.53997997]
[0.51757066 0.11620488 0.62460501]
[0.50325645 0.11983193 0.60957298]
[0.5613939  0.07858377 0.50261729]
[0.50031794 0.04053063 0.5228391 ]
[0.60932112 0.00477954 0.51764087]
[0.53564652 0.10548946 0.58768214]
[0.55082561 0.13063604 0.5285009 ]
[0.61924978 0.16164453 0.50351518]
[0.59859515 0.16032265 0.51145261]
[0.51136383 0.10271992 0.66390927]
[0.5194638  0.1547328  0.62258279]
[0.53583982 0.08172063 0.58718251]
[0.53617052 0.02240337 0.51152673]
[0.55637555 0.16281073 0.64283693]
[0.62445679 0.15619961 0.5600232 ]
[0.50690535 0.02881116 0.52474815]
[0.66251781 0.16403607 0.51604857]
[0.56942885 0.1010593  0.56906586]
[0.5315104  0.15516106 0.61234382]
[0.59514    0.13942921 0.52824816]
[0.50317955 0.1310284  0.61005146]
[0.51271969 0.06191025 0.6016844 ]
[0.54455604 0.10694623 0.60259661]
[0.51143435 0.041282   0.56733507]
[0.50330609 0.11493559 0.65495556]
[0.53210611 0.14287397 0.52715628]
[0.59174017 0.14716306 0.6264811 ]
[0.54787432 0.11931495 0.56108114]
[0.58692001 0.1437745  0.50085345]
[0.51533024 0.12198273 0.5874742 ]
[0.57296693 0.15837215 0.61537267]
[0.52650886 0.09608347 0.5089544 ]
[0.56392266 0.10130644 0.59543629]
[0.56708409 0.16214514 0.52249553]
[0.5875916  0.12810282 0.59194095]
[0.60151111 0.13393264 0.54746567]
[0.59083282 0.15397724 0.56775065]
[0.59465185 0.13226433 0.58771341]
[0.541667   0.10869855 0.56241832]
[0.58411254 0.10788224 0.5223604 ]
[0.58035999 0.12836232 0.62345854]
[0.64607728 0.14615033 0.52819888]
[0.54844525 0.11055873 0.53481497]
[0.52906102 0.08839049 0.50490431]
[0.56534087 0.04849736 0.50316264]
[0.50937252 0.14867067 0.64144007]
[0.61711392 0.00213068 0.53194279]
[0.50510208 0.10945673 0.59242336]
[0.50905963 0.12167252 0.54699249]
[0.62477183 0.15967603 0.52261214]
[0.50978588 0.13232952 0.56233313]
[0.60636685 0.15983133 0.59789916]
[0.50929475 0.14331138 0.59392083]
[0.52452134 0.12520244 0.57695979]
[0.54901786 0.05219668 0.51395942]
[0.56716022 0.13306993 0.57360466]
[0.50121952 0.03779154 0.50556043]
[0.51468254 0.07115258 0.54860371]
[0.52429429 0.14267919 0.56164793]
[0.51254796 0.0222807  0.50700352]
[0.60390188 0.16539763 0.52369811]
[0.50300161 0.01845991 0.51749886]
[0.55945951 0.06425959 0.53708847]
[0.5232127  0.0189917  0.50750721]
[0.57543083 0.07036382 0.50257989]
[0.58500466 0.1597186  0.60908759]
[0.50540091 0.0993053  0.64586447]
[0.53847058 0.08738231 0.54495028]
[0.50111204 0.04509212 0.54221439]
[0.5838177  0.15121389 0.55305701]
[0.60320605 0.16015141 0.58574163]
[0.61174317 0.00557429 0.53823089]
[0.53422685 0.11860818 0.62846857]
[0.53258309 0.13208757 0.54026421]
[0.58093493 0.15789413 0.54742781]
[0.51086071 0.13292624 0.65736606]
[0.59058608 0.14621398 0.56995096]
[0.53846642 0.12278312 0.54355687]
[0.51255927 0.14698881 0.51567537]
[0.53326571 0.10773272 0.63285371]
[0.51753082 0.132104   0.53003399]
[0.55706684 0.10865073 0.50740098]
[0.53846623 0.13730872 0.64079812]
[0.56056242 0.09030941 0.58459081]
[0.55565938 0.12522345 0.53052944]
[0.50700192 0.08648548 0.60585106]
[0.52914757 0.07961044 0.59503169]
[0.52410157 0.10089438 0.50415565]
[0.53160608 0.08396646 0.51604466]
[0.53761825 0.10901743 0.5584926 ]
[0.52860931 0.12274806 0.57538192]
[0.51143927 0.0695239  0.55691334]
[0.59291997 0.1566624  0.63466704]
[0.52436627 0.11537727 0.63662474]
[0.55993516 0.13213698 0.59453608]
[0.50094945 0.14914174 0.60142503]
[0.63051815 0.12947    0.53467444]
[0.50475327 0.13860931 0.64347093]
[0.60960475 0.15201533 0.56385095]
[0.54977327 0.16412682 0.60278891]
[0.51736895 0.12923167 0.60251978]
[0.51606218 0.10214148 0.65420543]
[0.53211135 0.16026623 0.65412819]
[0.51549206 0.11837141 0.50145408]
[0.61599467 0.11121972 0.52575718]
[0.50550521 0.09620294 0.54474855]
[0.53485248 0.06225475 0.53035407]
[0.53888315 0.12541129 0.52318669]
[0.53766978 0.04606987 0.50345796]
[0.51798248 0.15770043 0.56142002]
[0.5154669  0.11705836 0.66013186]
[0.59851441 0.14363206 0.54317082]
[0.59826194 0.11614765 0.55245741]
[0.66154105 0.1528262  0.50832298]
[0.50784049 0.06329987 0.56405511]
[0.53231627 0.14596515 0.54178012]
[0.56560211 0.1485742  0.5915338 ]
[0.54899633 0.14000722 0.64562254]
[0.50645242 0.14185461 0.54591152]
[0.53169335 0.12403517 0.60423207]
[0.5138759  0.04199914 0.54627636]
[0.51450877 0.16016955 0.57963   ]
[0.62356718 0.16323383 0.54856709]
[0.50472578 0.10752667 0.51519758]
[0.551974   0.08416167 0.513493  ]
[0.5646901  0.15609305 0.52875867]
[0.52324618 0.12346287 0.53534915]
[0.55313566 0.06848472 0.51634165]
[0.54053863 0.09548009 0.5225151 ]
[0.50274902 0.14925713 0.62596777]
[0.54215304 0.15551118 0.54488442]
[0.55828795 0.1193585  0.50594967]
[0.55256636 0.12617384 0.58165665]
[0.64415172 0.14809907 0.53518789]
[0.59363385 0.16486863 0.51430512]
[0.53962794 0.12725253 0.54069469]
[0.54731075 0.1013382  0.55522178]
[0.57676045 0.10176017 0.57447511]
[0.57651159 0.1566396  0.55259312]
[0.51246313 0.05573041 0.57543649]
[0.52954057 0.04492219 0.54438667]
[0.58788404 0.16176129 0.50246337]
[0.51641805 0.09943811 0.60423482]
[0.62921853 0.14900246 0.54976258]
[0.53076862 0.12857465 0.58601219]
[0.53553962 0.12821543 0.51629418]
[0.5143416  0.12892176 0.51323762]
[0.58403422 0.10274795 0.56992564]
[0.58307006 0.12795117 0.62182447]
[0.54656635 0.1542816  0.55767621]
[0.51704743 0.12557021 0.53105629]
[0.53378324 0.07834541 0.55122808]
[0.51084087 0.13742206 0.65118222]
[0.53828775 0.11019142 0.62945677]
[0.58238054 0.14261121 0.60170294]
[0.53254334 0.10362084 0.54113719]
[0.59327685 0.15159538 0.52608418]
[0.51495985 0.09213137 0.63209827]
[0.551388   0.07791153 0.52265488]
[0.5155951  0.11326218 0.53917975]
[0.50250739 0.14248262 0.56275286]
[0.58258057 0.14196708 0.51411023]
[0.52609022 0.08994046 0.56443232]
[0.53154245 0.06696592 0.51127022]
[0.613039   0.13930543 0.52766625]
[0.5155309  0.1200531  0.63905955]
[0.51316639 0.15011941 0.61448627]
[0.52235071 0.12823519 0.62421578]
[0.59826142 0.15423061 0.54093052]
[0.5050636  0.14912559 0.58612665]
[0.50967528 0.10261192 0.54657414]
[0.53115902 0.09168078 0.56374002]
[0.57229048 0.10788577 0.55030064]
[0.61841148 0.16079418 0.5716285 ]
[0.55877625 0.09908139 0.60208646]
[0.61088854 0.14685812 0.5261526 ]
[0.59002248 0.13588901 0.61296173]
[0.57506633 0.15234247 0.6216473 ]
[0.51653697 0.13025185 0.50957078]
[0.52574781 0.13107676 0.65957845]
[0.53179946 0.11023892 0.60215404]
[0.52776095 0.12521407 0.56800515]
[0.51871043 0.04201844 0.55145103]
[0.56479685 0.13126645 0.53638887]
[0.54999188 0.10940868 0.54820085]
[0.52179876 0.07725684 0.60463242]
[0.56781982 0.15405044 0.63090634]
[0.61826693 0.13987969 0.51664881]
[0.53318221 0.12230643 0.62710371]
[0.54612943 0.11014058 0.51780531]
[0.52055634 0.14914616 0.63603794]
[0.63361816 0.1522623  0.53080116]
[0.56589257 0.1173259  0.51043538]
[0.51019047 0.13434116 0.53236054]
[0.50028379 0.13452197 0.63469834]
[0.52443989 0.11209437 0.62237363]
[0.55532127 0.07093808 0.53920163]
[0.51034572 0.14578773 0.53476374]
[0.54200992 0.12131513 0.54400486]
[0.56979854 0.14666034 0.5813449 ]
[0.64267099 0.13383125 0.51217226]
[0.50112928 0.05822371 0.54644668]
[0.62401757 0.15577934 0.57470906]
[0.55241727 0.15030433 0.5027238 ]
[0.54738669 0.16351592 0.59127863]
[0.60581188 0.12259203 0.54669386]
[0.52363067 0.15894608 0.57794885]
[0.52282238 0.07831729 0.59760766]
[0.5663396  0.15152097 0.5599908 ]
[0.51628665 0.11756861 0.63943731]
[0.5232549  0.10023383 0.52541888]
[0.54872232 0.09155846 0.52778015]
[0.50652306 0.06479102 0.62857852]
[0.50767443 0.06336298 0.52327003]
[0.62820709 0.15409513 0.52906894]
[0.50033229 0.11215322 0.5264749 ]
[0.55093888 0.1565063  0.62137545]
[0.66626834 0.16212081 0.51511992]
[0.50655134 0.08528748 0.6546762 ]
[0.59652812 0.16144049 0.54937753]
[0.52888125 0.06604638 0.52936637]
[0.54437313 0.10919513 0.5405675 ]
[0.58240317 0.08542123 0.53382972]
[0.54397732 0.1200052  0.58733789]
[0.54478021 0.10181931 0.53588482]
[0.54090242 0.14737879 0.65095189]
[0.54471777 0.09289408 0.57680058]
[0.50470827 0.15463164 0.66643409]
[0.51110288 0.14446651 0.66396741]
[0.59718775 0.12386434 0.52455981]
[0.54273379 0.11722979 0.5660275 ]
[0.6081448  0.15212196 0.50474848]
[0.51446864 0.07583233 0.60105172]
[0.57082353 0.12158661 0.61032625]
[0.5880351  0.13958033 0.53632352]
[0.55717977 0.12860755 0.55925463]
[0.56409949 0.09672944 0.50370646]
[0.56630737 0.07160392 0.51093131]
[0.55359874 0.06983866 0.54561379]
[0.5463652  0.04818215 0.5336002 ]
[0.59524102 0.16325249 0.52213668]
[0.54073107 0.13541297 0.50338235]
[0.5031627  0.07555082 0.53433744]
[0.58689928 0.1521692  0.53330258]
[0.55300046 0.14351079 0.62507692]
[0.64464825 0.13841011 0.50817818]
[0.52300788 0.15509382 0.51960049]
[0.63292014 0.14060956 0.51092695]
[0.57460677 0.14313545 0.53303515]
[0.61938478 0.15530254 0.56622574]
[0.51803525 0.07323177 0.58072369]
[0.50166504 0.06161316 0.62948481]
[0.56433689 0.14765494 0.596946  ]
[0.58255314 0.10982672 0.5378475 ]
[0.51803745 0.06751369 0.52849963]
[0.53468265 0.13112528 0.53769168]
[0.52522447 0.1534084  0.65796654]
[0.51619387 0.13808195 0.62621392]
[0.5931021  0.09061791 0.53384038]
[0.55224404 0.09959628 0.5504013 ]
[0.56994865 0.09722763 0.5134302 ]
[0.50051275 0.14343816 0.58989439]
[0.52742372 0.13006966 0.58497583]
[0.5284731  0.02845503 0.51293668]
[0.55545591 0.16206856 0.6559446 ]
[0.61628404 0.09823777 0.51240157]
[0.56283017 0.1491678  0.50365121]
[0.54667666 0.14316034 0.54525982]
[0.53782509 0.0592339  0.50492675]
[0.50907702 0.1457622  0.60391249]
[0.5218931  0.12471745 0.59380173]
[0.59210892 0.09405489 0.54106497]
[0.57785295 0.12665614 0.59072725]
[0.50465308 0.04452534 0.50742145]
[0.58816119 0.1540474  0.52244992]
[0.63435258 0.15901498 0.53569579]
[0.5186048  0.08680497 0.5612122 ]
[0.54152126 0.16504882 0.56822528]
[0.54997993 0.12591578 0.6366223 ]
[0.50894566 0.06918034 0.56533307]
[0.54658971 0.12801115 0.56933427]
[0.52228937 0.08213923 0.57863927]
[0.57857717 0.14713214 0.52525375]
[0.53112201 0.10702744 0.57708941]
[0.50288656 0.07151224 0.6499021 ]
[0.56313403 0.15974471 0.64046987]
[0.59179389 0.10551493 0.55527661]
[0.56216593 0.1374797  0.53011675]
[0.52487909 0.05795163 0.54685072]
[0.52519299 0.13758007 0.54847136]
[0.57978024 0.15138954 0.62474982]
[0.50165888 0.10759056 0.56415044]
[0.64587677 0.14717711 0.525991  ]
[0.51464504 0.11386231 0.55184265]
[0.53631821 0.08443645 0.53354137]
[0.55807394 0.10707559 0.57156858]
[0.56403856 0.10339002 0.51212965]
[0.50761919 0.13612424 0.59955944]
[0.51622989 0.04302831 0.51479404]
[0.5362426  0.16487822 0.60052301]
[0.54950115 0.07100192 0.53520362]
[0.61037579 0.16440107 0.55503509]
[0.52130839 0.14308929 0.57937109]
[0.60124597 0.14248933 0.57988625]
[0.58624493 0.08324069 0.55158213]
[0.59716853 0.16452576 0.53195535]
[0.56417749 0.14430216 0.62561605]
[0.55281607 0.1317066  0.6180785 ]
[0.57378322 0.13372958 0.53265955]
[0.54890077 0.06595018 0.54190906]
[0.54514468 0.16262208 0.50949066]
[0.51825281 0.10125827 0.63860732]
[0.50205389 0.14727429 0.52747214]
[0.51385751 0.13849123 0.59698828]
[0.53853885 0.09056566 0.56582108]
[0.59916851 0.12539121 0.50543596]
[0.50494355 0.06161282 0.55009267]
[0.58207611 0.1029669  0.55024435]
[0.53703541 0.11162966 0.57726522]
[0.50694486 0.13625243 0.51640272]
[0.51788769 0.1344982  0.52990253]
[0.56122924 0.11800673 0.59757051]
[0.53212798 0.0652733  0.54412363]
[0.50722422 0.11756159 0.50917483]
[0.50360668 0.0775165  0.5485585 ]
[0.59054408 0.1195549  0.58503545]
[0.55467797 0.08978205 0.57573482]
[0.58799058 0.14871494 0.56706623]
[0.60727808 0.13415474 0.51809514]
[0.50750601 0.10647167 0.6206873 ]
[0.58608237 0.11745001 0.50733964]
[0.52988723 0.15969165 0.62833816]
[0.50688589 0.09944223 0.57832282]
[0.62795186 0.14456893 0.55891461]
[0.63016337 0.16131543 0.57225272]
[0.52549041 0.09772047 0.50682486]
[0.5859459  0.13285691 0.59359955]
[0.50106556 0.02614714 0.63973782]
[0.54854072 0.0426935  0.50159734]
[0.56495755 0.08154308 0.53126731]
[0.56520183 0.16166673 0.64865914]
[0.54555412 0.15204459 0.54897215]
[0.58905244 0.12666477 0.50299868]
[0.59545335 0.10868698 0.53306756]
[0.53787395 0.12864863 0.5525201 ]
[0.51275299 0.15496276 0.6471374 ]
[0.5334023  0.09082177 0.58053124]
[0.50097623 0.03370425 0.66116733]
[0.54632657 0.12102957 0.63351533]
[0.56005979 0.05446513 0.50798909]
[0.51305163 0.12811699 0.64080173]
[0.53190853 0.08887923 0.56982135]
[0.61841594 0.13049859 0.56468823]
[0.58765195 0.09864127 0.53523672]
[0.5411789  0.1247778  0.53306634]
[0.5646301  0.16124617 0.65486716]
[0.61761478 0.15077446 0.56198286]
[0.5038161  0.13401516 0.50828189]
[0.60338473 0.13451052 0.52726865]
[0.53911259 0.10350881 0.51896212]
[0.50129982 0.1261814  0.54187675]
[0.60557752 0.14161449 0.53293192]
[0.52914136 0.14953806 0.62597215]
[0.60654794 0.13610973 0.53697605]
[0.52944997 0.1479986  0.50700381]
[0.56995065 0.13559638 0.61247207]
[0.52607214 0.11280882 0.55213175]
[0.54513556 0.15898849 0.52815774]
[0.61143296 0.11335252 0.5050478 ]
[0.56888503 0.1480862  0.59464708]
[0.51319659 0.14910663 0.54262991]
[0.50343936 0.05119603 0.58359751]
[0.5036141  0.16123412 0.54709684]
[0.61279635 0.15724448 0.54146806]
[0.50741808 0.10478461 0.654564  ]
[0.57876743 0.13804258 0.51305295]
[0.52641718 0.1024994  0.58813461]
[0.60293257 0.14890093 0.52712168]
[0.51003151 0.07592482 0.59169887]
[0.54766968 0.09001546 0.56581567]
[0.56846254 0.15973947 0.55646216]
[0.51881236 0.13332843 0.63436782]
[0.5822637  0.14036499 0.52305652]
[0.52377349 0.10750927 0.53603466]
[0.50254616 0.1569558  0.61844932]
[0.61236436 0.00431777 0.51401178]
[0.5707142  0.1508811  0.62499146]
[0.57115612 0.1366351  0.61473057]
[0.60950867 0.12141821 0.51453027]
[0.50258988 0.15814628 0.56347964]
[0.56320839 0.081522   0.5412965 ]
[0.5432747  0.11495974 0.6470965 ]
[0.50243277 0.15025405 0.5258646 ]
[0.62459315 0.14602434 0.55064031]
[0.51386141 0.05470591 0.52790396]
[0.6380591  0.01964312 0.56548415]
[0.50978158 0.09553091 0.52413838]
[0.50631512 0.05545079 0.55705262]
[0.60979827 0.16087938 0.59486139]
[0.50400349 0.0499281  0.56523133]
[0.5024562  0.13374071 0.55876493]
[0.64800512 0.15713679 0.54091241]
[0.51302896 0.05886287 0.51457016]
[0.50253039 0.15130175 0.50996971]
[0.55109018 0.13282691 0.53835619]
[0.5786459  0.102695   0.56381568]
[0.59731292 0.09533389 0.50683743]
[0.61359682 0.07128276 0.52338648]
[0.55935186 0.07156039 0.53959702]
[0.52440617 0.15228049 0.5103377 ]
[0.50323598 0.0857676  0.51087844]
[0.56656729 0.09141294 0.58128749]
[0.50022879 0.10187382 0.61478096]
[0.5512817  0.09475448 0.51802127]
[0.52485042 0.08934167 0.56631699]
[0.55109661 0.08950835 0.55232774]
[0.57264503 0.08866027 0.57408486]
[0.51714412 0.13500964 0.50249194]
[0.50918206 0.13487107 0.56126227]
[0.56506984 0.14578579 0.53198959]
[0.50973923 0.1281176  0.66146183]
[0.52515868 0.05928695 0.52143445]
[0.50801458 0.05673329 0.58835877]
[0.52931044 0.06719812 0.56142869]
[0.57289298 0.11791759 0.60790528]
[0.50332864 0.06783497 0.61117423]
[0.51633075 0.10891515 0.56496735]
[0.50636689 0.16419162 0.53838797]
[0.58923265 0.13284357 0.53800914]
[0.60166892 0.14462889 0.51138336]
[0.54222439 0.12505381 0.63763806]
[0.52973272 0.08868808 0.59629136]
[0.55934742 0.10171946 0.59458522]
[0.5510245  0.06525989 0.54754575]
[0.61040509 0.12821617 0.56222724]
[0.59550353 0.15509433 0.52015898]
[0.60075979 0.09844504 0.50533886]
[0.53846377 0.14474446 0.66445039]
[0.50980394 0.10724097 0.61327414]
[0.57607896 0.11851817 0.54700939]
[0.63421769 0.1362772  0.5408061 ]
[0.63599937 0.13994029 0.53340844]
[0.50530172 0.13534414 0.59905962]
[0.53204313 0.14291062 0.58706103]
[0.52574775 0.08114028 0.51331263]
[0.52585887 0.12577896 0.57206648]
[0.50981184 0.04043998 0.54122555]
[0.6496376  0.16272683 0.52614219]
[0.50601952 0.13917357 0.51283851]
[0.54620636 0.14905312 0.50503445]
[0.57143748 0.13596753 0.50423417]
[0.5518541  0.16475935 0.50899181]
[0.50706166 0.10261382 0.64962164]
[0.52126309 0.06407914 0.57283758]
[0.54532238 0.12673734 0.55630521]
[0.61076104 0.10558538 0.51074358]
[0.53871663 0.09830337 0.50959498]
[0.54616465 0.13350126 0.53782341]
[0.52677493 0.15253681 0.60617721]
[0.51051264 0.10799412 0.54775877]
[0.59410847 0.136167   0.58486169]
[0.50247478 0.12120145 0.57066865]
[0.50800023 0.16393554 0.65513256]
[0.59492253 0.14780467 0.50573043]
[0.59388842 0.13845923 0.5011363 ]
[0.58889429 0.13933504 0.53050253]
[0.60916948 0.09360799 0.53071901]
[0.53108115 0.13797502 0.63525599]
[0.53262626 0.09918388 0.56538822]
[0.63371335 0.16375632 0.5732598 ]
[0.55737922 0.09833623 0.55200484]
[0.5082403  0.05057458 0.55254015]
[0.50368222 0.1349314  0.53408425]
[0.51114908 0.08931166 0.59699004]
[0.59258322 0.10961726 0.54520933]
[0.5204401  0.10243892 0.54240247]
[0.51393725 0.04454924 0.5045154 ]
[0.61245363 0.14431613 0.56553506]
[0.51048529 0.08906408 0.6190862 ]
[0.50807007 0.15508426 0.64575052]
[0.54213782 0.07514954 0.53193468]
[0.58473399 0.15427858 0.54224929]
[0.60847226 0.16227782 0.53599222]
[0.60366528 0.12066041 0.50757633]
[0.61259714 0.15530673 0.56794893]
[0.50020234 0.09375787 0.53463726]
[0.52566555 0.09329156 0.62649692]
[0.6004327  0.12937507 0.55332248]
[0.50767609 0.10117063 0.58137679]
[0.58838663 0.10494818 0.53065938]
[0.50002005 0.12852911 0.59793814]
[0.52145482 0.04707196 0.52914363]
[0.53803591 0.14428892 0.53872426]
[0.62371119 0.15342786 0.5170744 ]
[0.50491983 0.10837908 0.54908998]
[0.59829157 0.15640591 0.61870697]
[0.58531713 0.15094619 0.61903315]
[0.53681154 0.11369625 0.56261455]
[0.52157829 0.05905915 0.55645513]
[0.57823659 0.123719   0.57978659]
[0.57671116 0.02689992 0.51396758]
[0.54684608 0.00086021 0.53515817]
[0.52333557 0.10410992 0.53387442]
[0.60765927 0.15088438 0.55790768]
[0.57116807 0.09082717 0.50213536]
[0.50045892 0.06147973 0.57995888]
[0.50109701 0.0916884  0.54404168]
[0.56448939 0.05787571 0.50915916]
[0.62592254 0.08591014 0.50229714]
[0.54554113 0.10165815 0.56721994]
[0.59432229 0.13156729 0.50066915]
[0.56029144 0.16108848 0.60741928]
[0.50259322 0.15367642 0.60356344]
[0.54616513 0.14695397 0.64306901]
[0.53337958 0.01316798 0.57503759]
[0.51919237 0.11933027 0.55622223]
[0.51496568 0.05433304 0.50201425]
[0.53557573 0.14858199 0.62393487]
[0.54872617 0.05192112 0.51734385]
[0.6250357  0.14099691 0.5479979 ]
[0.60116632 0.00499837 0.5483787 ]
[0.50708929 0.04627089 0.55675705]
[0.51442807 0.08571172 0.5800489 ]
[0.55138828 0.07607002 0.54374542]
[0.6168634  0.13979004 0.53172531]
[0.53769404 0.11284735 0.58491032]
[0.6004939  0.14320629 0.504346  ]
[0.53172448 0.15110785 0.64910014]
[0.53288203 0.09726641 0.57132867]
[0.51408179 0.14091152 0.50748178]
[0.53993901 0.09535612 0.56028586]
[0.51840306 0.14455262 0.59348418]
[0.60827026 0.01519919 0.52658571]
[0.62689361 0.15306719 0.54539076]
[0.50254938 0.12616565 0.54943136]
[0.50707834 0.07595995 0.52093515]
[0.59952706 0.12543127 0.57609648]
[0.52807073 0.05777354 0.55587302]
[0.53451429 0.04717057 0.50617523]
[0.5103756  0.14478904 0.66510404]
[0.57553461 0.1469287  0.5398734 ]
[0.6303299  0.13435862 0.52657193]
[0.53293651 0.10621636 0.58082312]
[0.64232468 0.14672121 0.50178705]
[0.62459045 0.15659635 0.57053759]
[0.53769586 0.07393125 0.50090882]
[0.56361427 0.10647215 0.55874747]
[0.520896   0.04717103 0.52632504]
[0.54083228 0.12988034 0.59752507]
[0.59125301 0.15575314 0.60217487]
[0.55228245 0.12741024 0.60323318]
[0.51200236 0.09408975 0.61321228]
[0.50943314 0.05041329 0.56827203]
[0.5263362  0.03094989 0.5152392 ]
[0.56649027 0.16035218 0.60756587]
[0.54412397 0.14337215 0.5054437 ]
[0.552828   0.09336193 0.54933335]
[0.50890059 0.13520711 0.53669871]
[0.58814349 0.16157237 0.55225504]
[0.63576008 0.12810768 0.51605707]
[0.62579894 0.12077033 0.50874294]
[0.55131695 0.10785621 0.51678745]
[0.64049413 0.13218076 0.53132987]
[0.63988525 0.14538757 0.52458054]
[0.5000615  0.04846234 0.61117416]
[0.56332879 0.14589    0.51482055]
[0.55891049 0.11009376 0.59205551]
[0.50684707 0.13204224 0.52703427]
[0.56549221 0.15355496 0.56455175]
[0.54252269 0.16075568 0.58336412]
[0.62665895 0.1408962  0.55091331]
[0.541483   0.12719667 0.64692953]
[0.5341915  0.09406211 0.56512265]
[0.62623534 0.14507792 0.50927677]
[0.57474416 0.12831348 0.53787712]
[0.52420001 0.11896038 0.61339827]
[0.53118549 0.13891629 0.62991969]
[0.57394717 0.09085196 0.55745839]
[0.53739003 0.11768736 0.58245596]
[0.61539713 0.1610165  0.51200153]
[0.57143516 0.09645258 0.52744039]
[0.53182735 0.12975731 0.56511469]
[0.50136144 0.14514339 0.50649834]
[0.51456468 0.13562392 0.58010145]
[0.54247646 0.11897329 0.53954663]
[0.61266263 0.10889106 0.51166329]
[0.53676212 0.07280003 0.56764628]
[0.54410922 0.12849902 0.51701603]
[0.51233661 0.02565077 0.51587457]
[0.5099281  0.12687557 0.63829895]
[0.51219884 0.10290366 0.65334571]
[0.56523264 0.07547761 0.52534409]
[0.58201465 0.10614359 0.57297405]
[0.58030234 0.09412015 0.5360409 ]
[0.54247188 0.02433728 0.51454808]
[0.51514572 0.06019023 0.58549143]
[0.51519505 0.09222896 0.5287055 ]
[0.50107813 0.15317998 0.63164936]
[0.50219144 0.09503304 0.53144596]
[0.63435376 0.15269899 0.50599286]
[0.54651098 0.06890934 0.55952307]
[0.59624943 0.16216673 0.56104552]
[0.50586382 0.04638306 0.58030302]
[0.50293939 0.11272073 0.55779765]
[0.50047121 0.13851934 0.62879243]
[0.54904408 0.10927577 0.55635627]
[0.51204871 0.15241027 0.57290705]
[0.61628956 0.14352798 0.5092191 ]
[0.59868821 0.14217065 0.6085283 ]
[0.51917727 0.02060436 0.52685373]
[0.62174646 0.15519217 0.50508377]
[0.53853424 0.14531417 0.51756018]
[0.52481459 0.14613989 0.57881485]
[0.52833316 0.13919138 0.57816248]
[0.52008874 0.08728139 0.59464102]
[0.57683562 0.07373673 0.56942983]
[0.54335542 0.11950838 0.53615263]
[0.55529196 0.12324446 0.55257771]
[0.52479144 0.09163907 0.58926093]
[0.53575356 0.15924972 0.50085611]
[0.58944974 0.13099599 0.51405312]
[0.55164358 0.08672729 0.59516174]
[0.54646863 0.08623771 0.54922062]
[0.55518583 0.1556709  0.59086409]
[0.53505557 0.06641322 0.53201805]
[0.51580376 0.06131043 0.56218248]
[0.53763484 0.06685809 0.52484617]
[0.61204303 0.13893029 0.57405322]
[0.53725717 0.12218319 0.57981949]
[0.55878939 0.14202019 0.59436832]
[0.59046777 0.13313276 0.55083811]
[0.55239772 0.13755427 0.54342225]
[0.51180706 0.05026556 0.53162773]
[0.60894313 0.03555788 0.5042642 ]
[0.57020885 0.14394342 0.60910894]
[0.61064496 0.16630309 0.57228948]
[0.51805693 0.16447159 0.55574556]
[0.6497371  0.1460399  0.54101738]
[0.53264141 0.14465154 0.66438241]
[0.60423143 0.14508642 0.58312328]
[0.60041297 0.14510336 0.51775424]
[0.53931811 0.10389882 0.50994953]
[0.53098984 0.14274185 0.62129729]
[0.60305182 0.11754922 0.50094083]
[0.64172102 0.16389794 0.53504643]
[0.56914708 0.14991303 0.61504498]
[0.51861431 0.1172421  0.5011802 ]
[0.63443907 0.15889814 0.54151493]
[0.55998596 0.09156162 0.52786675]
[0.55876329 0.10626728 0.57226169]
[0.56026944 0.12002921 0.60959321]
[0.57561648 0.16108754 0.64497771]
[0.51475719 0.14776703 0.57994144]
[0.52797296 0.09860285 0.51486789]
[0.57856113 0.15986454 0.64625461]
[0.53430202 0.06322889 0.5319444 ]
[0.54357655 0.05631867 0.52009711]
[0.55703934 0.15924021 0.55171231]
[0.52236692 0.02053173 0.52382851]
[0.54865066 0.04012873 0.52520957]
[0.55510458 0.11066692 0.5069073 ]
[0.58236404 0.13416038 0.51392075]
[0.64289304 0.13812739 0.52645608]
[0.55815018 0.10338552 0.59754392]
[0.5252597  0.08524376 0.60091344]
[0.51163019 0.01312434 0.52194934]
[0.52969187 0.15581141 0.52293153]
[0.51242538 0.16591482 0.52965857]
[0.59362129 0.13652507 0.58314884]
[0.50330626 0.07878866 0.52827457]
[0.50267548 0.16132199 0.57996069]
[0.53079272 0.1527547  0.60685612]
[0.60722532 0.00570205 0.52365661]
[0.50465946 0.12829007 0.64023989]
[0.51067841 0.13399837 0.64651413]
[0.56022733 0.14695907 0.60956581]
[0.55634096 0.10435871 0.54404545]
[0.53092401 0.09704777 0.63006102]
[0.53455866 0.03008442 0.50046642]
[0.5641212  0.05787526 0.52522453]
[0.58203784 0.11408187 0.57354369]
[0.61865701 0.0112028  0.50343403]
[0.55544617 0.07217211 0.5515979 ]
[0.51830665 0.09305234 0.62638839]
[0.60033683 0.16409474 0.57527006]
[0.50991001 0.02254847 0.51710743]
[0.57658464 0.08935193 0.54728466]
[0.51109013 0.09538583 0.51548118]
[0.53906998 0.16432363 0.64040032]
[0.54535997 0.09042687 0.53916973]
[0.52109464 0.10895618 0.64817878]
[0.52125699 0.0446943  0.5524454 ]
[0.54706069 0.08694773 0.59305121]
[0.53222176 0.16444922 0.65672388]
[0.55425853 0.15877083 0.63586361]
[0.50776436 0.08875397 0.50599027]
[0.56834948 0.09676833 0.52008429]
[0.52913947 0.03734791 0.52226523]
[0.56185906 0.15363457 0.56684356]
[0.62218464 0.16465744 0.56095339]
[0.62115697 0.16239806 0.5779251 ]
[0.59310816 0.15068217 0.53798948]
[0.51160015 0.16538464 0.55204543]
[0.51867067 0.16581813 0.58143455]
[0.54163949 0.04749271 0.5043472 ]
[0.54487937 0.1529456  0.64220406]
[0.51241997 0.0949476  0.59883369]
[0.64959795 0.15942943 0.50570627]
[0.52426565 0.15433728 0.61684849]
[0.52030693 0.11800472 0.55744836]
[0.55765951 0.14958759 0.56365142]
[0.51510203 0.06515373 0.5469693 ]
[0.5624448  0.09719706 0.56219626]
[0.53941371 0.16192878 0.6086262 ]
[0.61748586 0.15329292 0.50599773]
[0.5016123  0.12507417 0.53245945]
[0.52634007 0.13542086 0.64555145]
[0.51553033 0.04588558 0.50830565]
[0.50203888 0.13136778 0.52723361]
[0.57236244 0.08021607 0.50385135]
[0.552258   0.1373266  0.58334938]
[0.5715568  0.12599899 0.54304185]
[0.51038626 0.13932999 0.57925866]
[0.50558208 0.0909544  0.6200723 ]
[0.57429344 0.1045413  0.52846906]
[0.56674267 0.16585721 0.63109206]
[0.53095383 0.07640286 0.5305001 ]
[0.58523154 0.15966137 0.5656133 ]
[0.5387643  0.16212112 0.54239896]
[0.51637114 0.07180294 0.57606348]
[0.65632022 0.14278432 0.50834277]
[0.50807705 0.13929345 0.65584171]
[0.54693317 0.15172718 0.66379982]
[0.54578273 0.0428254  0.51968426]
[0.53448961 0.13157694 0.54847004]
[0.52659053 0.13484667 0.56946893]
[0.54833628 0.06866943 0.54296849]
[0.51866158 0.06874981 0.60266821]
[0.59709577 0.14831191 0.50684515]
[0.53936135 0.05243967 0.53126853]
[0.50510495 0.1273546  0.57650764]
[0.53793244 0.16270544 0.62502605]
[0.54844718 0.14427734 0.58476247]
[0.58426889 0.09231792 0.5228804 ]
[0.5765934  0.1296395  0.62622457]
[0.61590065 0.16359693 0.51844199]
[0.54531799 0.10932392 0.61891188]
[0.51650657 0.11472009 0.53371609]
[0.62526233 0.13972363 0.55341597]
[0.51222804 0.1303248  0.66501723]
[0.59053398 0.1279045  0.58243692]
[0.52925062 0.03019845 0.52321738]
[0.5509989  0.11795302 0.59428795]
[0.51488476 0.03767809 0.52513625]
[0.57486737 0.14533974 0.6161186 ]
[0.50877324 0.09839501 0.53145671]
[0.51276067 0.08486176 0.569161  ]
[0.566256   0.12483779 0.53185613]
[0.53281386 0.12906555 0.50474874]
[0.56139406 0.15729735 0.5527613 ]
[0.50371949 0.06388124 0.60793437]
[0.57358777 0.14098967 0.63083291]
[0.57183056 0.16560238 0.5340127 ]
[0.50311319 0.1318097  0.60255487]
[0.52196161 0.15290948 0.63089359]
[0.5303794  0.16659615 0.60079395]
[0.51527176 0.09854553 0.59410385]
[0.53999706 0.12745434 0.6087758 ]
[0.51271308 0.10443572 0.63622854]
[0.60017454 0.15359329 0.51010283]
[0.53532102 0.09237705 0.59600097]
[0.54448296 0.06761868 0.52631379]
[0.6152552  0.13672211 0.56663467]
[0.58794073 0.10868974 0.58686968]
[0.56800661 0.10272272 0.60363646]
[0.54158975 0.03944924 0.53772713]
[0.57991444 0.01343841 0.56534698]
[0.50851839 0.09380877 0.63117886]
[0.61700287 0.15320465 0.56084149]
[0.5185861  0.08376179 0.62159826]
[0.54445848 0.03858628 0.51657455]
[0.58299639 0.09083747 0.52625654]
[0.57255043 0.13571293 0.54093683]
[0.53401974 0.15849739 0.66182406]
[0.64617657 0.15224019 0.52895491]
[0.52580439 0.14846987 0.62404009]
[0.58933596 0.12818732 0.58031325]
[0.60893935 0.13144881 0.56386805]
[0.56527396 0.06568713 0.5109459 ]
[0.55669022 0.07917092 0.5366642 ]
[0.56424742 0.13444714 0.60682781]
[0.55379293 0.08669974 0.50333385]
[0.55227968 0.15386489 0.50832729]
[0.56025213 0.16584593 0.55298192]
[0.57967614 0.10011802 0.54328482]
[0.59842961 0.14593703 0.61947347]
[0.58743751 0.15039037 0.61679084]
[0.51869863 0.07809737 0.52021716]
[0.54698355 0.16393702 0.64667541]
[0.52847113 0.15888236 0.53123356]
[0.51393793 0.14056777 0.65010163]
[0.57986807 0.14338139 0.54328244]
[0.51319254 0.03966699 0.56053056]
[0.57171265 0.00938487 0.52226245]
[0.50240034 0.14585598 0.62080077]
[0.53150125 0.08632165 0.61068154]
[0.61420278 0.11731077 0.52445006]
[0.54463268 0.08237767 0.56831445]
[0.61964865 0.11714474 0.52520201]
[0.55054562 0.05742003 0.52094172]
[0.54420874 0.14016201 0.52816063]
[0.51147671 0.15802196 0.56826226]
[0.52954669 0.1447445  0.62265632]
[0.55344587 0.13749196 0.62261695]
[0.53530918 0.05135261 0.53997533]
[0.55991312 0.08984729 0.58643684]
[0.53717804 0.16017435 0.62386505]
[0.63533844 0.15340654 0.50108769]
[0.50102835 0.03306222 0.65205055]
[0.56721508 0.08691278 0.57252278]
[0.50166355 0.14091972 0.55306695]
[0.6287576  0.16189999 0.51659325]
[0.50689966 0.12298171 0.65067638]
[0.51828501 0.15150576 0.54613811]
[0.51517894 0.13466147 0.56983058]
[0.50332875 0.09709594 0.54164495]
[0.53110013 0.12940891 0.59353007]
[0.56890227 0.08233075 0.51534148]
[0.51948324 0.14514353 0.53547268]
[0.51003744 0.0836186  0.55855564]
[0.51126146 0.06493846 0.56249255]
[0.54531185 0.15395644 0.54799103]
[0.5018025  0.14526615 0.53988865]
[0.50313389 0.06247059 0.56777005]
[0.56721818 0.07378438 0.54435768]
[0.51270975 0.1417328  0.50629977]
[0.53641348 0.13092624 0.64284147]
[0.51435548 0.14718986 0.55983701]
[0.56093256 0.10115449 0.53474043]
[0.50425275 0.08219069 0.56360201]
[0.52275468 0.15725938 0.66502119]
[0.58089548 0.14632826 0.54588827]
[0.51039881 0.0986571  0.57655083]
[0.56523136 0.16606117 0.59821025]
[0.56686027 0.1638833  0.52649777]
[0.5029608  0.12326768 0.60198689]
[0.50401785 0.15013523 0.56353457]
[0.56684442 0.12143862 0.53747815]
[0.55067528 0.14781919 0.626144  ]
[0.62848073 0.15591364 0.52175679]
[0.55208649 0.13353519 0.56604431]
[0.54713237 0.11148067 0.60716372]
[0.52429413 0.09061888 0.5301547 ]
[0.61404202 0.16662382 0.50993744]
[0.638695   0.14614711 0.55228328]
[0.60329062 0.16125602 0.5223641 ]
[0.53178867 0.11883719 0.64410195]
[0.50867962 0.08180153 0.66144146]
[0.50642303 0.09310821 0.52943544]
[0.50882065 0.11124016 0.61970854]
[0.64864127 0.01139043 0.54314434]
[0.54021872 0.08557659 0.59003656]
[0.5722816  0.10815388 0.57626079]
[0.52014815 0.08816273 0.5915681 ]
[0.54527189 0.09920289 0.55186534]
[0.57687051 0.14321251 0.54912192]
[0.56067919 0.14768754 0.57524721]
[0.64322816 0.13105507 0.51740651]
[0.52464703 0.13563528 0.66455657]
[0.55832277 0.14744693 0.61240733]
[0.51200844 0.08008957 0.63646251]
[0.54457015 0.010417   0.55252052]
[0.57091109 0.15936878 0.59439666]
[0.57265853 0.13556404 0.58256161]
[0.50493925 0.01286943 0.50421489]
[0.54656292 0.02929043 0.5100477 ]
[0.50261604 0.15397583 0.51566246]
[0.57839913 0.14057066 0.60739898]
[0.50194422 0.10414014 0.52176172]
[0.61147254 0.09340114 0.50642841]
[0.55631608 0.15949326 0.6485426 ]
[0.55833347 0.071432   0.5048319 ]
[0.57483135 0.15687314 0.58148186]
[0.56175643 0.0772023  0.53087484]
[0.51854017 0.10978138 0.52384977]
[0.54211522 0.15484143 0.57943066]
[0.610141   0.11428639 0.52927378]
[0.53345392 0.09689473 0.50340446]
[0.58905674 0.12890496 0.61284551]
[0.53176812 0.11584631 0.5800904 ]
[0.58434228 0.1181547  0.56417732]
[0.5752497  0.0900091  0.55679323]
[0.51548987 0.0686155  0.58892113]
[0.50221492 0.0463552  0.62214098]
[0.5311149  0.16236937 0.51287214]
[0.52556546 0.15082122 0.50979674]
[0.57657354 0.07652151 0.50807277]
[0.51878729 0.0544814  0.50900432]
[0.57912079 0.15207529 0.59960314]
[0.63825235 0.13631094 0.53412288]
[0.50401115 0.03366879 0.54325648]
[0.64732533 0.16618032 0.56047075]
[0.5440595  0.14582637 0.50235898]
[0.60419512 0.00480823 0.53675505]
[0.5425611  0.08478302 0.58909987]
[0.53531898 0.13272419 0.62676027]
[0.54626678 0.09165818 0.53693689]
[0.61946109 0.13373386 0.50979641]
[0.62969331 0.14309633 0.54668621]
[0.51005992 0.0693054  0.62084934]
[0.50033234 0.1443232  0.66436621]
[0.53399088 0.09653482 0.58745239]
[0.5196199  0.045092   0.51022073]
[0.52015489 0.14298074 0.55992134]
[0.51600738 0.10042669 0.5153805 ]
[0.60859981 0.11143631 0.50172854]
[0.53303236 0.10459512 0.63557479]
[0.57823372 0.1391324  0.58514978]
[0.543302   0.11312789 0.62169399]
[0.54086783 0.09111694 0.55592584]
[0.5472529  0.13045882 0.64425217]
[0.61328454 0.11825275 0.50659502]
[0.55732256 0.15522285 0.63936726]
[0.54500579 0.06920232 0.53890698]
[0.54849319 0.16019973 0.52132706]
[0.62006424 0.10419511 0.51389297]
[0.57608612 0.14193254 0.58368284]
[0.54140304 0.11609557 0.5345362 ]
[0.56645232 0.14461243 0.55198925]
[0.62625633 0.11841173 0.51711576]
[0.51121561 0.06543982 0.57221739]
[0.53254831 0.10039929 0.60558658]
[0.57390118 0.11265637 0.52476729]
[0.56063362 0.06574265 0.53367983]
[0.5352502  0.12787827 0.56858763]
[0.52681438 0.11001978 0.53513348]
[0.60632247 0.15533424 0.5997267 ]
[0.52740197 0.07888724 0.58756548]
[0.56600136 0.11885736 0.50627988]
[0.50280518 0.13427484 0.56696459]
[0.54447494 0.15402895 0.51673898]
[0.54056765 0.10458016 0.58602426]
[0.54457323 0.09546651 0.5833665 ]
[0.53711746 0.15625558 0.51879343]
[0.59128429 0.15561017 0.50261764]
[0.61828507 0.16332651 0.53891694]
[0.52753843 0.09828194 0.5408934 ]
[0.58557138 0.12367293 0.51088334]
[0.54143528 0.02823145 0.58425162]
[0.5281115  0.1209217  0.61119791]
[0.51683264 0.08262175 0.61707034]
[0.55978772 0.10460012 0.59900242]
[0.52920562 0.02169054 0.52407848]
[0.50738883 0.15941076 0.5454835 ]
[0.52673617 0.09875751 0.58717955]
[0.51010438 0.10092589 0.61674804]
[0.50031999 0.10231896 0.64209781]
[0.52286008 0.07058486 0.50032838]
[0.50384048 0.12871615 0.65879045]
[0.60624509 0.14465898 0.59906532]
[0.59786649 0.16100662 0.54020923]
[0.56434792 0.12540876 0.6042407 ]
[0.5824544  0.1635417  0.53641076]
[0.57604179 0.11629388 0.52118617]
[0.52415142 0.09914936 0.53714629]
[0.56326296 0.0880039  0.54300125]
[0.51643812 0.05915949 0.50436705]
[0.60143562 0.08327659 0.51240562]
[0.54179996 0.13537785 0.55616597]
[0.53275518 0.08209567 0.58687653]
[0.52210884 0.07153584 0.56657673]
[0.52340785 0.15751632 0.66306666]
[0.50126507 0.02179027 0.50259039]
[0.52571006 0.04833486 0.54464348]
[0.52405232 0.16252793 0.53670885]
[0.54883241 0.14969274 0.50699389]
[5.23570700e-01 3.64820036e-04 5.07396747e-01]
[0.60683055 0.13157753 0.53082324]
[0.523981   0.1531874  0.59690686]
[0.5629728  0.14364948 0.57092812]
[0.56585801 0.15727608 0.63663258]
[0.55238683 0.16066413 0.6143143 ]
[0.62786911 0.15387113 0.5670525 ]
[0.51931835 0.15568267 0.60244605]
[0.56098098 0.10336832 0.51737113]
[0.59728287 0.14749998 0.59528274]
[0.54294028 0.16513216 0.51203975]
[0.50396357 0.03044973 0.50629352]
[0.60576863 0.14217347 0.5164982 ]
[0.55784178 0.02242397 0.53391899]
[0.62106476 0.00183806 0.53021676]
[0.5535013  0.16574828 0.54806995]
[0.50740358 0.08279436 0.51593375]
[0.55653271 0.10789508 0.60256418]
[0.53054517 0.12180559 0.6322365 ]
[0.51095672 0.10323249 0.56907018]
[0.61114087 0.14138013 0.50123851]
[0.5045405  0.04112243 0.56411753]
[0.52485373 0.16432269 0.53406222]
[0.5527213  0.1022101  0.58198102]
[0.53071381 0.11262438 0.50991722]
[6.16364769e-01 1.55505056e-04 5.37192598e-01]
[0.53539542 0.10754481 0.63682321]
[0.63406833 0.12704165 0.50765783]
[0.51661465 0.16162578 0.64531088]
[0.59444687 0.16424783 0.62286388]
[0.60124287 0.15794612 0.57703234]
[0.57139511 0.07135885 0.51526297]
[0.51819879 0.15304785 0.52184591]
[0.55263526 0.11634503 0.56522445]
[0.53316725 0.06634744 0.53776037]
[0.50559061 0.04360153 0.51563041]
[0.61070159 0.1666121  0.57025518]
[0.59821197 0.12121141 0.54312554]
[0.55244575 0.16103434 0.63894556]
[0.53975863 0.12715277 0.50896268]
[0.54076538 0.11923657 0.62620639]
[0.60642486 0.15594788 0.56190642]
[0.5387266  0.0993774  0.55143714]
[0.58535075 0.16079803 0.55225939]
[0.58555729 0.12313746 0.54503984]
[0.56240915 0.12791392 0.53539301]
[0.53792304 0.12729506 0.58803018]
[0.51328813 0.13706991 0.59439935]
[0.53051302 0.00667045 0.5145293 ]
[0.61955564 0.15981444 0.52988543]
[0.51092503 0.14398765 0.65470593]
[0.59908254 0.16079582 0.54164922]
[0.51184667 0.1217305  0.53082318]
[0.52668887 0.12289091 0.60163211]
[0.51116846 0.16546006 0.5710677 ]
[0.54474348 0.15813812 0.55055255]
[0.53056843 0.07842055 0.5995254 ]
[0.51551282 0.07855698 0.5606853 ]
[0.54648263 0.05435768 0.5116634 ]
[0.53915693 0.07267238 0.54187374]
[0.52619601 0.11232777 0.58830523]
[0.58405593 0.0790029  0.50153644]
[0.61301414 0.1321114  0.56808439]
[0.50974786 0.10286351 0.55480472]
[0.52213233 0.1568707  0.58911904]
[0.57169721 0.13675816 0.56093096]
[0.53092832 0.07449587 0.56318697]
[0.53163474 0.10193271 0.52321243]
[0.54444198 0.14679938 0.57606457]
[0.60270004 0.15578898 0.5163156 ]
[0.52442045 0.0674286  0.50241679]
[0.6057374  0.09767956 0.51597954]
[0.64080339 0.16133864 0.53722525]
[0.54388574 0.09883758 0.53762867]
[0.50408655 0.14782156 0.54444455]
[0.53637546 0.02763883 0.50811088]
[0.5158515  0.04904192 0.51021536]
[0.52916027 0.13518085 0.65738713]
[0.59797321 0.13007188 0.52165208]
[0.60819345 0.14296309 0.51083759]
[0.51982578 0.07430756 0.50799814]
[0.64589442 0.13941917 0.52192248]
[0.51310029 0.14275797 0.58216301]
[0.63372649 0.13871654 0.50953524]
[0.53515627 0.13473606 0.59858942]
[0.53078983 0.04480405 0.51362623]
[0.50825155 0.03656048 0.50122573]
[0.51770745 0.13078339 0.60680323]
[0.52394522 0.08463034 0.55970688]
[0.51216275 0.05159207 0.51085459]
[0.53024224 0.1603123  0.6025149 ]
[0.5472494  0.16652229 0.54521594]
[0.53950261 0.07721597 0.51989629]
[0.53076113 0.08137549 0.54507002]
[0.51383001 0.06628927 0.50570273]
[0.54755114 0.15764997 0.58603544]
[0.58410822 0.15918035 0.52403537]
[0.58767011 0.16104148 0.53050051]
[0.54585381 0.14484199 0.56168143]
[0.57789742 0.16615585 0.61417802]
[0.55159281 0.05245384 0.53666716]
[0.58473218 0.16277697 0.64462261]
[0.51138663 0.05891902 0.51644208]
[0.5225512  0.13620276 0.54715267]
[0.50087364 0.16003318 0.50364524]
[0.50752567 0.1483024  0.57819599]
[0.55061823 0.09186929 0.52572889]
[0.510836   0.16019105 0.55167306]
[0.542693   0.04922179 0.54471184]
[0.56967294 0.13186477 0.54770821]
[0.50153927 0.15149161 0.59002557]
[0.52369623 0.02215578 0.5233199 ]
[0.52474348 0.09671886 0.61278586]
[0.52569314 0.02011294 0.50722556]
[0.51807725 0.12123818 0.57374802]
[0.66143015 0.15556701 0.50511183]
[0.52480387 0.05656109 0.55907473]
[0.53437149 0.10444815 0.53021312]
[0.54588216 0.15088315 0.53047938]
[0.55769454 0.11980751 0.56582275]
[0.55569574 0.13404896 0.5334859 ]
[0.50570692 0.1606074  0.53689751]
[0.51562038 0.14496167 0.52853926]
[0.50251345 0.07756519 0.52252337]
[0.50582899 0.12266653 0.63995693]
[0.53281064 0.11624449 0.51657221]
[0.52952783 0.12480023 0.63392678]
[0.51158546 0.09358182 0.6261837 ]
[0.54051108 0.1529107  0.57316881]
[0.5052218  0.08543688 0.60154697]
[0.56713039 0.14660537 0.54489408]
[0.51452566 0.12776059 0.62857408]
[0.50195703 0.00511699 0.50296638]
[0.53683614 0.0824205  0.5875733 ]
[0.57450521 0.13166485 0.51788123]
[0.59162326 0.13181638 0.59837398]
[0.51086458 0.04183531 0.50429505]
[0.54106392 0.1163492  0.54707477]
[0.54140032 0.13272496 0.50026773]
[0.60208588 0.13235041 0.5246382 ]
[0.5521209  0.15096785 0.50690949]
[0.518626  0.1347396 0.5907742]
[0.60400226 0.16528534 0.57249961]
[0.52434658 0.08614151 0.58921962]
[0.63648879 0.14559604 0.54614137]
[0.59940701 0.16233605 0.62000871]
[0.53101812 0.1423795  0.53900864]
[0.51937672 0.12038022 0.50300161]
[0.51209123 0.15222055 0.6353713 ]
[0.54220102 0.07041522 0.53336803]
[0.51495226 0.08969269 0.53690981]
[0.50214942 0.04971871 0.53009586]
[0.53610001 0.14646448 0.52712051]
[0.56963576 0.13155673 0.541822  ]
[0.52639975 0.10336766 0.65238251]
[0.55231901 0.03105363 0.51039947]
[0.60042681 0.11996275 0.52208582]
[0.62407726 0.13836092 0.51519898]
[0.50030496 0.06409976 0.51245483]
[0.52452259 0.03942275 0.54280123]
[0.51602881 0.10434232 0.61689011]
[0.61353827 0.12581051 0.56723662]
[0.50675406 0.1064124  0.5162726 ]
[0.53048367 0.15540649 0.64747173]
[0.53163294 0.15112989 0.53009628]
[0.63280957 0.16323167 0.50332151]
[0.64326805 0.13461993 0.50828098]
[0.59720454 0.12010944 0.50562828]
[0.54309379 0.08161334 0.51141244]
[0.52620588 0.07238992 0.58800029]
[0.53186339 0.12894377 0.65233322]
[0.5028118  0.13179205 0.62211196]
[0.58287494 0.15917541 0.53186073]
[0.60285211 0.13056503 0.53813918]
[0.57128753 0.09428417 0.53294345]
[0.50610605 0.05908037 0.60030872]
[0.59157001 0.16128607 0.63493287]
[0.50330222 0.12698668 0.62305219]
[0.60292533 0.10074728 0.53715013]
[0.51824767 0.14187512 0.57411068]
[0.56473702 0.16020739 0.57235819]
[0.52450461 0.10569315 0.55302571]
[0.51382879 0.16580972 0.66358445]
[0.52579701 0.16426552 0.63796509]
[0.60598203 0.11604364 0.51425934]
[0.50973941 0.12109029 0.57100712]
[0.57958426 0.12011738 0.57139604]
[0.5157006  0.05137696 0.53162353]
[0.61022033 0.16606698 0.52518093]
[0.55698348 0.1196931  0.51048728]
[0.52995135 0.15130086 0.57241754]
[0.54447064 0.06798923 0.51936247]
[0.55695505 0.13495722 0.60817936]
[0.55535586 0.08207279 0.55917557]
[0.54996168 0.08667893 0.56833565]
[0.58236521 0.13820333 0.54598444]
[0.51005767 0.06973299 0.50509168]
[0.54895733 0.15768884 0.59975915]
[0.56587343 0.14812187 0.51149181]
[0.53049649 0.02276561 0.50770639]
[0.50440424 0.13851751 0.63201859]
[0.6107896  0.15785478 0.52297388]
[0.53213011 0.07190676 0.56948441]
[0.58322786 0.10406052 0.51752954]
[0.50782908 0.07586971 0.64270117]
[0.55027303 0.06326049 0.54862773]
[0.50963907 0.1537644  0.6506872 ]
[0.51348171 0.11006745 0.5483276 ]