[ 0.          2.0943951  -1.57079633  2.61799388  1.57079633  0.        ]
[-2.9427104   2.77110328 -0.88319237  3.32516777  0.71184089 -4.27387089]
[-2.81910089  2.65901357 -0.67112775  3.33919915  0.77742521 -4.42868523]
[-2.82999713  2.54661041 -0.68722118  3.45856524  0.77118179 -4.41591367]
[-2.83132573  2.55854336 -0.55725795  3.31554393  0.77042613 -4.4143452 ]
[-2.92558479  2.92573675 -1.28123344  3.58576171  0.72019091 -4.29665091]
[-2.93482195  2.86531469 -0.92197328  3.27771017  0.71565517 -4.2844182 ]
[-2.9356516   2.65351776 -0.90662783  3.4733281   0.71525133 -4.28331367]
[-0.11000068  0.49490823  0.81320402  0.14361227 -2.5263821   2.48964898]
[-2.88724069  2.6870765  -0.45900601  3.03903307  0.73978815 -4.34607974]
[-0.17100492  1.2128778  -1.2141974   1.5395974  -2.53100508 -3.68775662]
[-2.84577531  2.79630291 -1.00788919  3.51601121  0.76228778 -4.3971281 ]
[-2.94290872  2.7548984  -0.79388165  3.25186027  0.71174568 -4.27360456]
[-2.86445653  2.81995063 -0.92333568  3.39131543  0.75199062 -4.37443401]
[-2.9709418   2.84513646 -1.0959141   3.43453069  0.6986511  -4.23536116]
[-2.88637379  2.79162433 -0.90706886  3.38335844  0.74024476 -4.34717445]
[-0.10885509  0.94656362 -0.71264949  1.21620264 -2.52624297 -3.79550547]
[-0.0831011   0.43289049  0.72124452  0.26003023 -2.52268548  2.44359976]
[ 0.16659954  0.99041618 -0.54892436  1.43227153  0.83788297  0.60934852]
[-2.8615498   2.72403715 -0.46621464  3.03270876  0.75357582 -4.37799785]
[-2.88678413  2.8256831  -1.09618931  3.53803509  0.74002861 -4.34665555]
[-2.94146517  2.80222388 -0.77013279  3.18225619  0.71243885 -4.27554429]
[-2.92900318  2.81104583 -1.04147526  3.45730036  0.71850375 -4.29213887]
[-2.85008245  2.4698056  -0.52092539  3.35178834  0.75989097 -4.39194   ]
[-2.83409719  2.55308247 -0.7127888   3.47418044  0.76885376 -4.41106561]
[-0.22651251  0.05058508  1.3233512   0.24366617 -2.53060909 -3.59094897]
[-2.99633829  2.89670712 -1.25997659  3.51958994  0.68742805 -4.19970177]
[-3.08437932  2.85381808 -0.82327332  3.02310522  0.65368229 -4.06875023]
[-2.88073033  2.62018581 -0.72079101  3.37374011  0.74323385 -4.35425833]
[-2.84193979  2.79905469 -0.92631868  3.43501154  0.76443381 -4.40172658]
[-0.0657542   0.19197318  0.93232024  0.26593739 -2.5197719  -3.86900108]
[-2.81719571  2.77248036 -0.69730154  3.25348502  0.77852514 -4.43090168]
[-0.20090432  0.53440576  0.84441526  0.20219877  3.75184517 -3.63559671]
[-2.77704434  2.42522203 -0.40424281  3.33975723  0.8022597  -4.47648029]
[-0.23180937  0.28056118  1.13537396  0.20921816  3.7528446   2.70145585]
[-0.34360098  1.29362466 -1.42546302  1.91297543 -2.5155278  -3.39045946]
[-0.0713222   0.6023801   0.54678883  0.24871792 -2.52075054 -3.85958515]
[-0.0742228   0.39135304  0.63947707  0.37105341 -2.52124601  2.42851351]
[-0.35156744  0.04178115  1.49824842  0.25185012 -2.51382244 -3.37719441]
[-0.05757813  0.33551096  0.56419186  0.47933388  3.76492717  2.40040513]
[-2.90482695  2.65146801 -0.65410829  3.25312802  0.73064939 -4.32367753]
[-2.78474306  2.45578264 -0.4171478   3.31612748  0.79762947 -4.46790591]
[-0.10731886  0.2121363   1.00667     0.22915238 -2.52605859  2.48503714]
[-2.81162434  2.54140515 -0.68594146  3.47778738  0.78175574 -4.43735503]
[-0.28245012  0.29169881  1.19489878  0.21021746  3.75740718  2.7890798 ]
[-0.17996776  0.36030241  0.99449614  0.19628564 -2.53124235  2.61105797]
[3.5931289  2.06702623 0.24245857 2.530012   3.98675323 0.45594179]
[-2.84399646  2.30945307 -0.27017484  3.26669046  0.76328192 -4.39926338]
[-2.80799728  2.80941616 -0.99576899  3.52256627  0.78387018 -4.44153365]
[-0.09437154  0.58861974  0.44712519  0.39409842  3.75883168 -3.82034913]
[-2.86112777  2.69667588 -0.791973    3.38620479  0.75380658 -4.37851411]
[-2.83855887  2.84251952 -0.85270461  3.32084352  0.76633385 -4.40576311]
[-0.16025779  1.35999986 -1.16298888  1.32592811 -2.53057326  2.57670465]
[-0.07723095  1.09939893 -0.65022665  0.95686702 -2.52174351  2.43361965]
[-2.89430691  2.89649668 -1.15865338  3.52264101  0.73608623 -4.33713314]
[-2.90196486  2.54069855 -0.48752637  3.20005189  0.73211959 -4.32735416]
[-0.07113971  0.18794544  1.123149    0.08654131 -2.52071972 -3.85989402]
[-2.86567765  2.38825395 -0.08607045  2.98465065  0.75132606 -4.37293358]
[-0.11562637  1.09601099 -0.90234996  1.26597835 -2.52702604 -3.78384713]
[-2.82345039  2.53423622 -0.33746153  3.12668654  0.77492268 -4.4236071 ]
[-0.1199346   1.08305524 -0.74683551  1.12949161 -2.5274909  -3.77641654]
[-2.8777115   2.70639401 -0.83407463  3.40359051  0.74484283 -4.35802995]
[-2.8990946   2.79989271 -0.82423188  3.28029562  0.7336002  -4.33103042]
[-0.13001751  1.08598735 -0.62953177  1.02350327 -2.52847721 -3.75899009]
[-0.08775116  0.92996371 -0.67978977  1.17044957 -2.52339327 -3.83165898]
[-2.87765793  2.79387871 -0.93872161  3.42080166  0.74487147 -4.35809654]
[-2.91053439  2.91224122 -1.17343873  3.50619117  0.72773772 -4.31630991]
[-0.27912889  1.22229444 -1.32263209  1.79248374 -2.52618519 -3.49982044]
[-2.78132436  2.32854368 -0.26028474  3.28916707  0.79968045 -4.47172371]
[-0.32983478  0.14916398  0.98760552  0.62565931 -2.51827624 -3.41352349]
[-2.85614935  2.62618636 -0.83257476  3.50171781  0.75653798 -4.38458668]
[-0.16298022  1.39372667 -1.34050573  1.47360159 -2.53069804  2.58144573]
[-2.83210926  2.65279796 -0.40489283  3.06825965  0.76998106 -4.41341907]
[-0.14083696  0.2427019   1.26578347 -0.01318797 -2.52937831  2.54294388]
[-0.07030883  0.51270405  0.51304794  0.3707396  -2.52057645  2.42188474]
[-2.79168104  2.59096631 -0.73916957  3.49751158  0.79348798 -4.46011301]
[-2.83675473  2.65647764 -0.80581921  3.46154615  0.76735121 -4.40791033]
[-2.98771461  2.89835698 -1.09746183  3.36485011  0.69116916 -4.21191711]
[-2.8465635   2.6034882  -0.56501693  3.26526896  0.76184834 -4.39618109]
[-3.00234912  2.94837277 -1.32209721  3.52340275  0.68486467 -4.19111887]
[-2.93846426  2.79542775 -1.07054198  3.49249711  0.71388653 -4.27956043]
[-2.80322768  2.69913862 -0.86078134  3.50172325  0.78666374 -4.44700156]
[-0.36017005 -0.01030229  1.52865177  0.2850569  -2.51188881 -3.36294224]
[-0.06104265  0.23662586  0.92913441  0.21801279 -2.51891081 -3.87694838]
[-3.04320452  2.92761886 -1.28958677  3.46506186  0.66842375 -4.13137995]
[-2.96830801  2.80937559 -0.93958537  3.31675162  0.69985038 -4.23900475]
[-3.04613164  2.95177878 -1.25211493  3.40000157  0.66731315 -4.12701006]
[-2.96235148  2.90086111 -1.00638172  3.2983284   0.70258684 -4.24720566]
[-0.07318235  1.05795613 -0.60369628  0.94619068  3.76211666  2.42675147]
[-2.87688806  2.39702151 -0.43999153  3.31963457  0.74528275 -4.3590566 ]
[-2.91670336  2.78389434 -0.96878491  3.42388929  0.72462117 -4.30829227]
[-0.32331888  0.10194119  1.46091767  0.19065264 -2.51949105  2.85868411]
[-0.08848904  0.2886329   0.94078209  0.1922331  -2.52350659  2.45278397]
[-0.07014099  1.02195868 -0.62671415  1.00101609 -2.52054649  2.42160055]
[-0.32725675  1.06355222 -0.99473602  1.69008847 -2.51876272  2.86532259]
[-0.16088311  0.44978998  0.89544966  0.17858907  3.75257983 -3.70539307]
[-2.80867276  2.83888221 -1.06124933  2.1837817  -0.90850351  3.48253062]
[-2.81122451  2.66469776 -0.59682828  3.26570886  0.7819885  -4.43781636]
[-0.13929989  1.29046184 -0.81561337  1.01826842  3.75392626 -3.74290659]
[-2.83637576  2.5351472  -0.34657082  3.12395263  0.76756505 -4.40836103]
[-2.84950353  2.76427877 -0.92331018  3.4602061   0.76021257 -4.39263848]
[-2.78687846  2.85231359 -1.11618049  3.61695819  0.79634933 -4.46551506]
[-0.18244214  0.4515615   0.89841271  0.20464677 -2.5312864   2.61537414]
[-2.81905265  2.81438651 -1.05865671  3.57139492  0.77745287 -4.42874087]
[-0.17254809  0.08655471  1.29805944  0.1558648   3.75213002 -3.68506835]
[-0.12328606  0.52292991  0.75884689  0.18866469 -2.52783471 -3.77062962]
[-2.92060621  2.61117024 -0.62483562  3.24884121  0.72266596 -4.3031909 ]
[-2.85445841  2.79164277 -0.90258422  3.40776492  0.75746957 -4.38664184]
[-0.23597984  0.32467531  1.17374429  0.13267425 -2.53010427  2.70871004]
[-0.23899722  0.29780999  1.13478678  0.20278899  3.75327043 -3.56923151]
[-2.88368957  2.90879229 -1.18031806  3.54192694  0.74166319 -4.35054836]
[-0.22939076  0.0743063   1.39962404  0.14777698  3.7527175   2.6972478 ]
[-0.17840157  1.30924869 -1.20440725  1.44400456 -2.53120637 -3.6748587 ]
[-0.15450478  1.32531792 -1.15625145  1.34567277 -2.53027467  2.56669241]
[-0.26797306  0.16823284  1.35808421  0.15013054  3.755736    2.76414761]
[-0.07752139  0.67026281  0.28697294  0.44920539  3.76139373 -3.84907237]
[-2.85563133  2.38069168 -0.33155459  3.2466504   0.75682318 -4.38521662]
[-2.84429615  2.51548461 -0.43938932  3.22961368  0.76311433 -4.39890395]
[-0.10823041  0.3735976   1.10948027 -0.03383046  3.75701363  2.4866119 ]
[-2.88288114  2.60558635 -0.32157016  2.98713336  0.74209131 -4.35156344]
[-2.79768147  2.3509313  -0.32929739  3.32290215  0.78993093 -4.45332128]
[-0.08322745  0.36736663  0.73475579  0.31221981 -2.5227025  -3.83936874]
[-2.78090308  2.44265325 -0.31698858  3.23208808  0.79993447 -4.47219254]
[-2.82452233  2.55944577 -0.66931127  3.43242973  0.77430789 -4.4223518 ]
[-0.20014153  0.50329842  0.87802902  0.19860379 -2.5313488   2.6462587 ]
[-0.07971985  0.60247549  0.63591508  0.17108996 -2.52215037  2.43784715]
[-0.16753041  1.37317295 -1.46804918  1.62819242  3.75230183 -3.69381263]
[-0.15100861  1.0667899  -0.94796415  1.39093516 -2.53006993 -3.72257277]
[-0.21677994  0.15648855  1.39466423  0.05255923 -2.53099906  2.67527985]
[-0.26957561  1.31955826 -1.35921879  1.71836728 -2.52727816  2.76691238]
[-2.84481264  2.828714   -1.01148383  3.48803099  0.76282557 -4.39828435]
[-0.29863086  0.01106766  1.43661365  0.27172341 -2.52356096 -3.46640715]
[-0.08718408  0.26817672  1.1916336  -0.03997436 -2.52330945 -3.8326256 ]
[ 3.56494124  2.01297902  0.87686029 -0.03509477 -1.47743779 -0.7542505 ]
[-2.84483795  2.65820541 -0.5315003   3.17853431  0.76281137 -4.39825414]
[-0.12493882  0.1582619   0.79362138  1.24172376  3.93853918 -0.16851605]
[-0.07518539  0.87630647 -0.64637178  1.17327923  3.76178033 -3.85303733]
[-0.28250282  1.39757795 -1.35240934  1.65171099 -2.52576916 -3.49402251]
[-0.10777509  0.2053831   1.23021086  0.01300337  3.75707164 -3.79736452]
[-2.81834289  2.4891259  -0.35750869  3.19609719  0.77786236 -4.42956818]
[-0.11567356  0.56246211  0.65511018  0.24213016 -2.52703281  2.49941725]
[-2.79250376  2.76284273 -1.01533893  3.6011535   0.79299831 -4.45918507]
[-0.15103339  0.37289609  1.01672949  0.12016949 -2.53007429  2.56065451]
[-2.99738753  2.82310053 -1.116622    3.44868343  0.68697858 -4.19820548]
[-2.7630892   2.62847065 -0.76893876  3.51182552  0.81074626 -4.49182732]
[-0.06264076  0.98667951 -0.69371248  1.09299356 -2.51920593  2.40892991]
[-2.85983015  2.87710953 -1.20022934  3.61518378  0.75451622 -4.38010061]
[-2.92848881  2.87687505 -1.05178707  3.40229453  0.71875666 -4.29281878]
[-0.0826171   0.19858088  1.12205765  0.09285551 -2.52260917  2.44277567]
[-2.83933697  2.80016173 -1.02532877  3.53515699  0.76589586 -4.40483551]
[-2.95829681  2.8775491  -1.05325581  3.37274838  0.70446833 -4.25275778]
[-0.2033933   0.10734784  1.33280248  0.14443154 -2.53130846 -3.63125182]
[-2.77527372  2.44911003 -0.51161703  3.42460585  0.80333034 -4.47844126]
[-0.08733207  0.22947007  1.16100069  0.02956977 -2.52333531  2.45081098]
[-2.86648971  2.87302804 -1.00918636  3.42226219  0.75088553 -4.37193428]
[-2.85105355  2.60212401 -0.61988511  3.31758642  0.75935026 -4.3907736 ]
[-0.08489066  0.33411808  0.65203775  0.43049237 -2.52296244  2.44664787]
[-0.06306525  0.1933072   1.02154511  0.17168968  3.76390133  2.40964557]
[-2.84179774  2.76993289 -0.92483246  3.4627699   0.76451339 -4.40189664]
[-0.18965605  0.21130111  1.18549809  0.1681375  -2.53136298  2.62796194]
[-2.90672175  2.61288372 -0.56357371  3.19936394  0.72967892 -4.32124135]
[-2.81077508  2.65281853 -0.59479239  3.27592007  0.7822501  -4.4383349 ]
[-2.95238687  2.71786944 -0.98760916  2.32530843 -0.81529643  3.33820109]
[-2.99610779  2.82045645 -1.06006992  3.39618409  0.6875276  -4.2000277 ]
[-2.80873801  2.82161722 -0.8063144   3.32030804  0.78343677 -4.44068273]
[-0.20544055  1.35431587 -1.12403273  1.3572252  -2.53127781 -3.62768042]
[-0.08549586  0.35333776  0.68224296  0.38190634 -2.52305452  2.44767815]
[-0.14237309  0.31966941  1.09332653  0.08448663 -2.52949187 -3.73757237]
[-0.14173957  1.31566803 -1.33248291  1.51339536 -2.52944356 -3.73867388]
[-0.14646102  1.37666887 -1.42218739  1.54880949 -2.52977802  2.55270971]
[-0.17468022  0.29353379  0.95001097  0.29998364 -2.53111487 -3.68134842]
[-0.13011879  0.5102277   0.62235697  0.34751775  3.75469905 -3.75881458]
[-2.79642374  2.68272044 -0.75067695  3.41350667  0.79067006 -4.45475846]
[-0.15243772  0.14882916  1.35919322  0.00377354  3.75302881  2.56309757]
[-0.23925853  0.17035339  1.28171045  0.18369565 -2.52989841  2.71440875]
[-0.13007961  1.2965247  -0.84122675  1.02474941 -2.52848292  2.52430314]
[-2.87315199  2.3931793  -0.30679616  3.19369125  0.74728614 -4.36370101]
[-0.10408911  0.44696705  0.71969238  0.27676999 -2.52565622  2.47948896]
[-0.19073403  1.3291063  -1.2940915   1.53146387 -2.53136859  2.6298434 ]
[-2.82877658  2.73437407 -0.6662991   3.25091088  0.77187707 -4.41735243]
[-0.2207861   0.41659066  1.01528358  0.17755832 -2.53085258 -3.60092286]
[-2.93996768  2.85281508 -1.02367712  3.38672391  0.71316078 -4.27754874]
[-2.85471596  2.7976958  -1.05326666  3.55216695  0.75732735 -4.38632903]
[-0.12178623  0.25182876  1.27407281 -0.05757763  3.75550115  2.50996517]
[-0.10520213  0.15786903  1.11678594  0.17033593  3.75739142  2.48140154]
[-2.90612365  2.72546093 -0.92445717  3.4482411   0.72998548 -4.32200896]
[-2.95343416  2.90567105 -1.16330308  3.45971751  0.70674419 -4.25938392]
[-0.10426322  0.2351958   0.91218147  0.29629822 -2.52567574 -3.80339556]
[-2.8413082   2.38328499 -0.36584349  3.29085472  0.76478796 -4.402484  ]
[-0.10352174  0.42227774  0.99617154  0.0241864   3.75760398  2.47851617]
[-2.82958595  2.44696473 -0.45480649  3.32614341  0.77141567 -4.41639785]
[-0.08102357  1.09850314 -0.9098999   1.22268431 -2.52235557 -3.84311948]
[-2.77726297  2.62007133 -0.79620338  3.53670037  0.80212807 -4.47623802]
[-0.20182751  1.39596855 -1.36536926  1.55174331 -2.53132839 -3.63398414]
[-0.21458195  0.21718307  1.23376082  0.14962622  3.75211845 -3.61173853]
[-2.89387082  2.71517576 -0.74078285  3.28650243  0.7363134  -4.33768767]
[-0.06727253  0.43013333  0.59990447  0.36227585 -2.52004553  2.41674727]
[-0.18975987  0.36493372  0.9394079   0.26074266 -2.53136584  2.62814211]
[-2.84574848  2.69877163 -0.54740634  3.15308554  0.76230185 -4.39716278]
[-0.11453021  1.05666399 -0.61108986  1.01252192 -2.52690445 -3.78573645]
[-0.0878511   0.52858109  0.61004075  0.28214073 -2.5234082  -3.83148837]
[-2.8220064   2.87852417 -1.14975849  3.59590146  0.77575197 -4.42529537]
[-0.13882701  0.5715159   0.72639854  0.1945297  -2.52922463  2.53945722]
[-0.1780642   0.35182932  1.04989282  0.14664169 -2.5311989  -3.6754471 ]
[-0.14988397  0.2599976   1.18485572  0.06330432  3.75318233 -3.72452937]
[-0.31785732  0.13229319  1.36650501  0.24720887  3.76272253  2.84945452]
[-2.84849534  2.75719866 -0.81711462  3.36197175  0.76077278 -4.39385459]
[-2.88056392  2.74804922 -0.86758847  3.39282769  0.74332179 -4.35446693]
[-2.92923468  2.59252827 -0.73507059  3.36918299  0.71838979 -4.29183289]
[-0.08588856  1.09366714 -0.58835975  0.91272943 -2.52311232 -3.83483372]
[-2.86066154  2.72846523 -0.57100071  3.13386229  0.75406141 -4.37908635]
[-0.15397489  1.26632802 -0.9002484   1.14790515 -2.53024451 -3.71741434]
[-2.87727031  2.85064453 -1.0255075   3.45117716  0.74507852 -4.35857997]
[-2.78840448  2.32383898 -0.2087884   3.23684187  0.79544006 -4.46380116]
[-2.84813985  2.56100404 -0.20670942  2.94807141  0.76097056 -4.39428297]
[-2.87397513  2.85349647 -0.95797659  3.383805    0.74684413 -4.36267937]
[-2.8098363   2.80866852 -1.07343397  3.59947892  0.78279486 -4.43941748]
[-0.13906321  1.35786877 -0.98624946  1.12116121  3.75394528 -3.74331727]
[-2.86204052  2.47359435 -0.50584833  3.32235091  0.75330699 -4.37740049]
[-2.95447137  2.80132567 -0.94100031  3.34068669  0.70625733 -4.25797251]
[-0.11302353  0.17659978  1.34006054 -0.06068448 -2.52673256 -3.78833153]
[-0.15324601  0.19360502  1.2216913   0.0976503   3.75298259 -3.71868211]
[-0.09908829  0.3598411   0.89333113  0.18325533  3.75818319  2.47091014]
[-0.10808776  0.9659905  -0.80599704  1.28904613 -2.52614999  2.48636062]
[-2.95959127  2.8144194  -1.14525288  3.5265262   0.70386595 -4.25098786]
[-0.07497507  0.95069688 -0.54696141  0.99918852 -2.52136989 -3.85339372]
[-2.79461349  3.15843915 -1.14816955  1.12548288 -0.87599254 -4.80019849]
[-2.78038619  2.52339383 -0.47453115  3.30929044  0.80024558 -4.47276757]
[-0.13420022  0.26837864  0.90116201  0.31634258  3.754341    2.53143804]
[-0.08370948  0.32218123  1.09888033 -0.00604891  3.76040619 -3.83854649]
[-0.24458188  1.34241989 -1.15260366  1.45351233 -2.52953059  2.72365533]
[-0.0907767   0.29141298  0.9984606   0.13495978 -2.52383951 -3.82649389]
[-2.82654188  2.49082029 -0.5817353   2.06269348 -0.89637779  3.46580686]
[-0.20103212  1.35671905 -1.38641257  1.61089902 -2.53133698 -3.63537177]
[-2.91326754  2.82936324 -0.99606591  3.40905106  0.72635252 -4.31276809]
[-0.28026723  1.37204274 -1.10434122  1.42604206 -2.5260472  -3.49786379]
[-0.28247281  0.06697527  1.48447681  0.14538558 -2.52577264 -3.49407391]
[-0.07723492  0.28283194  0.78388728  0.33932396 -2.52174651  2.43362478]
[-0.18590205  0.11912605  1.45380555 -0.01336293  3.75185439  2.62141161]
[-0.08399043  0.49114089  0.75544605  0.16881339 -2.52282111 -3.83806975]
[-0.06021299  0.83473017 -0.54027028  1.08817795  3.7644295  -3.87834553]
[-0.23864718  1.34100329 -0.95094414  1.24483103 -2.52993585  2.71334696]
[-0.06871364  0.30535012  0.86606245  0.22288363  3.76288813  2.4191852 ]
[-2.95424633  2.85273547 -1.10298897  3.45149884  0.70636309 -4.25827927]
[-2.87815168  2.77900188 -0.93205612  3.42856973  0.74460254 -4.35749058]
[-0.2059123   0.16481319  1.12178999  0.30157961  3.75191601  2.65632786]
[-0.15517431  1.27061038 -1.0438901   1.28897348  3.75287366 -3.7153272 ]
[-0.18966499  1.29339885 -1.26425181  1.53580248 -2.53136351  2.62797757]
[-0.1032495   0.5826955   0.64622647  0.21333258 -2.52554695 -3.8051365 ]
[-2.908985    2.66275553 -0.76319237  3.34692789  0.72852543 -4.31831588]
[-0.09597036  0.60787874  0.72649425  0.09770011 -2.5245794   2.46557065]
[-0.11555778  0.59015209  0.74017632  0.12921478 -2.52701886 -3.78396506]
[-0.1340126   1.12653167 -1.03514787  1.39423348 -2.52882884  2.53111298]
[-2.86225767  2.68560129 -0.79382019  3.39811784  0.75318925 -4.37713096]
[-0.08325335  1.08218619 -1.00603763  1.33822969 -2.52270674  2.4438607 ]
[-2.92891991  2.61417271 -0.7959285   3.40870991  0.71854448 -4.29224931]
[-0.14464449  1.15291909 -0.78985163  1.13764037 -2.52965303 -3.73363109]
[-2.84627993  2.71521124 -0.66487059  3.25364594  0.76200654 -4.3965218 ]
[-2.84914641  2.68459792 -0.73513327  3.35202178  0.76041085 -4.39306866]
[-2.91036011  2.88997207 -1.02270553  3.37789603  0.72782632 -4.31653624]
[-2.95705762  2.88214127 -1.01326697  3.32945589  0.7050458  -4.25444947]
[-0.24605726  0.16007477  1.22542634  0.25992294 -2.52942505  2.72621565]
[-0.28978979  1.28238866 -1.31012589  1.73481595  3.75836942 -3.48152401]
[-0.06570711  0.21773328  0.98611519  0.18631701  3.76342181  2.41410417]
[-0.12640672  0.08955567  1.34271309  0.04258228 -2.52814054  2.51794914]
[-0.26030527  1.41346581 -1.45772493  1.70987757  3.75496865  2.75090082]
[-0.08631142  0.23074185  1.00587516  0.18200382 -2.52317864  2.44906914]
[-0.10818338  1.17924341 -0.7560962   1.02602667 -2.52616165 -3.79666028]
[-0.10038798  0.95803652 -0.80185229  1.28206437  3.75801171 -3.81004507]
[-0.09152046  0.14617813  1.32817594 -0.04848441 -2.52395101 -3.82522304]
[-0.09872074  0.99973669 -0.86142055  1.29760053 -2.52495181 -3.81290311]
[-0.10461102  1.1884893  -1.08320911  1.33888518 -2.52572393  2.48038918]
[-0.07635619  0.98851614 -0.64284381  1.05915858  3.7615853   2.43213461]
[-0.25705169  1.36482861 -1.24380525  1.53999157 -2.52851657 -3.53791337]
[-2.95273379  2.52529209 -0.6956564   3.37317323  0.7070741  -4.26033523]
[-2.81921492  2.45731894 -0.30353429  3.17320586  0.77735896 -4.42855275]
[-2.8950158   2.74495596 -0.74822277  3.26308318  0.73571697 -4.33623187]
[-2.94716123  2.85844597 -1.14665592  3.49674781  0.70971313 -4.26787912]
[-0.13629216  0.18045324  1.25949668  0.04889804 -2.52902169  2.53506213]
[-0.09447264  0.59735342  0.67346111  0.15916844 -2.52437084  2.46300776]
[-0.12731874  0.44929583  0.95132801  0.07551682  3.75495811 -3.76365903]
[-2.93272016  2.75898548 -0.739484    3.20365831  0.71668058 -4.28721294]
[-0.19114838  0.19906581  1.18398823  0.18401691 -2.53137036 -3.65261909]
[-2.91194157  2.85362803 -0.95384687  3.34385059  0.7270241  -4.31448663]
[-0.12029371  1.39167854 -1.17234209  1.24688129 -2.52752909  2.50738838]
[-0.14035958  0.31593923  1.10934331  0.06933705 -2.52934207  2.54211562]
[-0.33740927  0.01877816  1.45076001  0.30320636 -2.51679501 -3.4008115 ]
[-0.07283786  1.06426718 -0.43356865  0.76927678 -2.52101061  2.42616752]
[-2.92822288  2.79005531 -0.69607549  3.13367317  0.71888788 -4.29317408]
[-0.09572685  0.1169681   1.22965146  0.08511396 -2.52454355 -3.81803096]
[-0.11016524  0.22134346  1.1625836   0.06802887 -2.52640243  2.48993231]
[-2.97070699  1.86897871  1.17058287  2.14444084  0.69875774 -4.23568656]
[-2.81209865  2.45689896 -0.46836421  3.38044197  0.60159468 -2.14222331]
[-0.15265465  1.33413265 -1.1046838   1.28265568 -2.53016824 -3.71971054]
[-2.92639381  2.73040925 -0.6986094   3.19766347  0.71979074 -4.29558458]
[-0.1336794   0.38001908  0.84399619  0.26113004 -2.52880004 -3.75264934]
[-2.98935598  2.93819024 -1.29771907  3.5234883   0.69045132 -4.20960025]
[-0.08279792  1.14188743 -1.03842435  1.31028455 -2.52264017  2.44308679]
[-0.06842377  0.32579476  0.69651607  0.37158756 -2.52024798  2.41869574]
[-0.22978416  0.19913144  1.29869937  0.12443683 -2.53044774 -3.58525319]
[0.09681449 0.40667138 0.12627621 2.09317198 4.74119504 2.37378536]
[-0.14219289  0.5076776   0.74725783  0.24228888  3.75370825  2.54529812]
[-0.27004374  1.39523065 -1.33884921  1.6229846  -2.52722785 -3.51546596]
[-2.84436455  2.65983936 -0.73353799  3.37934797  0.76307594 -4.39882133]
[-0.2373037   0.24720285  1.2251689   0.16060651 -2.53002322  2.71101158]
[-0.09666928  0.19206998  1.08671924  0.15425983 -2.52467597  2.46676717]
[-2.87544521  2.66418339 -0.80582265  3.41962297  0.74605541 -4.3608524 ]
[-0.26870789  0.44456748  1.0121101   0.22080624  3.75581404 -3.51776976]
[-0.07609965  0.6013989   0.52566618  0.27741013 -2.52155791 -3.85148696]
[-0.16744771  0.2593345   0.96786182  0.30600136 -2.5308816  -3.69395724]
[-0.11752332  0.18240269  1.16029384  0.11961371 -2.52723685  2.50260733]
[-0.2832827   0.13550429  1.34846829  0.21400035 -2.52567045 -3.49268311]
[-0.12602326  1.339344   -1.24847926  1.38344428 -2.5281043   2.51728616]
[-0.08881638  0.55221544  0.55340867  0.31648086  3.75963351  2.45334414]
[-0.19488391  0.22145964  1.32719765  0.02375641  3.75181091 -3.64610016]
[-0.08613356  0.30303914  0.69052411  0.42481739 -2.52315297 -3.8344134 ]
[-0.17697636  0.19615832  1.31355858  0.0370922  -2.53117361  2.60584084]
[-0.22637126  0.12654896  1.32519927  0.16565295 -2.53061756  2.69199028]
[-0.17515282  0.27464405  1.06585915  0.20369928 -2.53113075  2.6026598 ]
[-0.17998879  0.10051773  1.25932572  0.19127168  3.75194571 -3.67208982]
[-0.13363202  1.36782464 -1.11743792  1.23469146 -2.52879635  2.53045385]
[-2.99599346  2.91585108 -1.23121909  3.47206409  0.68757628 -4.20019036]
[-0.07009793  0.41035743  0.92541415  0.06042584  3.76264504 -3.86166027]
[-0.24580712  0.12803711  1.27716512  0.23986647 -2.5294435   2.72578147]
[-0.06206342  1.0319215  -0.74622591  1.09947417 -2.51909978 -3.87522877]
[-0.11594547  0.30882395  1.13422838  0.01704096 -2.52706771 -3.78329293]
[-0.10089358  0.3987517   0.72415968  0.31604507  3.75794485 -3.80917785]
[-2.94312369  2.70915319 -0.69140243  3.19490699  0.71164244 -4.27331497]
[-2.80947102  2.6879132  -0.56811719  3.21521595  0.78301004 -4.43983786]
[-0.10447807  0.51191785  0.68164157  0.25041647 -2.5257029  -3.80302729]
[-2.84111142  2.36677571 -0.1843554   3.12604199  0.76489858 -4.40271706]
[-0.12183954  1.1958297  -1.10407581  1.37664574 -2.52768842  2.51005775]
[-2.98585639  2.13119608  0.40912756  2.22267604 -0.47761773 -0.0752627 ]
[-0.07321826  0.134745    1.26169703  0.00405811  3.76211084 -3.85637281]
[-0.20102192  1.31532252 -0.95274854  1.21861656 -2.53133729  2.64779543]
[-2.77864659  2.81927352 -1.10536671  3.64559182  0.80129128 -4.47470129]
[-2.80422734  2.57817346 -0.70616186  3.46726097  0.78607656 -4.44585815]
[-2.74076109  2.95876823 -0.66036881  1.43687413  1.68064017  0.62134007]
[-0.13090438  0.13490344  1.09176633  0.25454476  3.75462824  2.52573048]
[-0.28761131  1.40629504 -1.41153723  1.70927605 -2.52510878  2.7979288 ]
[-0.17490548  1.17348843 -1.0417122   1.41207325 -2.53112153  2.60222904]
[-0.17354147  0.27996733  1.13038722  0.13154553 -2.53108542  2.59984986]
[-2.80386132  2.85750007 -1.14939387  3.63146636  0.78628918 -4.44628084]
[-2.81465213  2.8132443  -1.05427105  3.57179833  0.77999539 -4.43386041]
[-2.87043133  2.51434206 -0.44169914  3.20990814  0.74875041 -4.36707673]
[-2.9569612   2.80567417 -1.02766939  3.42042594  0.70509144 -4.25458125]
[-0.17208575  1.39865914 -1.47601946  1.61718322 -2.53104196 -3.68587131]
[-0.25604581  0.14931449  1.40840549  0.10187036  3.75457831  2.74353022]
[-0.14316643  0.37129686  0.81323656  0.31407425 -2.52954801 -3.73619704]
[-0.20857644  1.25291165 -1.08774646  1.42682591 -2.53121861  2.66097524]
[-0.09225461  0.33802149  0.85853166  0.2303455   3.75912785  2.45922184]
[-0.11410148  0.19158345  0.99097515  0.27493404  3.75633011  2.49671054]
[-0.19481179  0.39081963  1.07754715  0.10394261 -2.53137734  2.63695831]
[-0.14803547  0.11889251  1.15902151  0.2276161  -2.52988219 -3.72774032]
[-2.77523054  2.31430719 -0.14382344  3.19164835  0.80335648 -4.47848905]
[-0.20951092  0.25600735  1.26612754  0.07119182  3.75198779  2.66260517]
[-0.09299538  0.37975496  0.65005227  0.39811719  3.75902647 -3.82270245]
[-0.06511389  0.9161483  -0.48914251  0.96234503 -2.51965682 -3.8700832 ]
[-0.20509907  0.05799613  1.43797079  0.09105418 -2.53128351 -3.62827545]
[-0.12074508  1.10896158 -0.76752345  1.12541631 -2.52757562 -3.77501786]
[-3.02670061  2.51838869 -0.68870759  3.29253772  0.67485441 -4.15580835]
[-3.00563969  2.94202577 -1.15530556  3.35929931  0.68347703 -4.18639778]
[-0.21963266  0.13747973  1.21456306  0.25574266  3.75228866  2.68025206]
[ 3.6622433   2.73582373 -0.53547589  0.61003702 -1.81527059  3.61715325]
[-2.79981263  2.7179622  -0.81017192  3.43504303  0.78867252 -4.45090022]
[-0.1310073   0.11766233  1.14722386  0.21647464 -2.52856694 -3.75727625]
[-0.1608568   0.19789362  1.0332082   0.29269158 -2.53060194 -3.70543761]
[-0.14025162  0.22314062  1.19658747  0.07474026  3.75385341 -3.74125513]
[-0.09371082  1.27738486 -0.80866044  0.96019737  3.75892482 -3.82147926]
[-2.90780976  2.66218373 -0.80226901  3.38770828  0.72912424 -4.31983334]
[-0.3461701   0.4432085   1.0053621   0.33603768  3.76819827  2.89701041]
[-0.15251873  1.21123949 -0.79846363  1.09913467 -2.53016059 -3.71994723]
[-0.2710706   0.04563577  1.3283088   0.306868   -2.52711783  2.76948947]
[-2.82392998  2.36390266 -0.33220219  3.29135952  0.7746481  -4.42304535]
[-0.21971341  0.23285995  1.21133568  0.16370573  3.75229126  2.68039302]
[-0.11809299  1.01762708 -0.71962913  1.16511652 -2.52729583  2.50359117]
[-0.18078417  1.1613836  -1.07684191  1.46770983  3.75193038 -3.67070275]
[-0.14681774  1.29943496 -1.25865728  1.4630203  -2.52980178  2.55332914]
[-0.07311991  1.01615487 -0.35390586  0.7381147   3.76212747  2.42664522]
[-0.08418949  1.00704921 -0.69298422  1.10161131 -2.52285187  2.44545447]
[-2.80612018  2.88364019 -1.19570862  3.64980734  0.78496785 -4.443689  ]
[-2.862451    2.72553273 -0.62729097  3.1914847   0.75308332 -4.37689447]
[-0.18850592  0.10366948  1.34112137  0.11850108  3.75182979  2.62595495]
[-2.820053    2.78635979 -1.07681961  3.61675762  0.77687582 -4.42757907]
[-0.10164197  0.24316671  0.92802595  0.26881131 -2.52533862 -3.80789416]
[-0.10138998  0.47327894  0.86394375  0.10242505 -2.52530771  2.47485594]
[-2.86130424  2.67408264 -0.53205985  3.14872774  0.75371008 -4.37829846]
[-0.10436959  1.32562578 -1.3563519   1.47455022  3.75749574  2.47997183]
[-0.11928538  1.14170564 -0.7507666   1.07385697 -2.52742297  2.50564849]
[-2.86156471  2.75091061 -0.95136414  3.49097175  0.7535674  -4.37797987]
[-0.08017365  0.18535789  1.20374197  0.02101041  3.76096512  2.43862012]
[-2.90123597  2.8136835  -0.74148678  3.18172357  0.73249422 -4.32829029]
[-0.0966429   0.40649139  0.8273214   0.19920077  3.75851623  2.46672329]
[-0.105584    0.20312072  1.29613696 -0.05373279 -2.52584397  2.48205602]
[-0.30952737  0.22505584  1.30900934  0.20044936 -2.52187399 -3.4478558 ]
[-0.08244279  1.39006726 -1.29337131  1.31655796 -2.52257986  2.44248044]
[-2.8298496   2.59889306 -0.36240287  3.08158905  0.77126578 -4.41608768]
[-2.86692405  2.31921882 -0.28044807  3.24694197  0.75064984 -4.37139938]
[-0.11298549  0.1472913   1.14449605  0.16413527  3.75645613  2.49478829]
[-0.19528707  0.29721233  1.14492747  0.13085002 -2.53137314 -3.64539679]
[-0.08955185  1.0936994  -0.9530188   1.28244742 -2.52366042  2.45459937]
[-2.92677942  2.65138393 -0.87025165  3.4479485   0.71959987 -4.29507566]
[-0.21093555  0.23259252  1.1579248   0.20484558 -2.53116381 -3.61809522]
[-0.07536537  0.29117699  0.98646552  0.12581811 -2.52143788  2.43045164]
[-0.13623834  0.47352426  0.90716836  0.10807907 -2.52901708  2.53496889]
[-2.84191268  2.77437091 -0.77456209  3.30796266  0.76444672 -4.40176006]
[-2.87059573  2.80763367 -1.04297538  3.51773714  0.74866326 -4.36686698]
[-0.09155324  0.43694345  1.00613572 -0.01716433 -2.52395204 -3.82516728]
[-0.32893483  0.08978238  1.07467585  0.59674051  3.76473825  2.86814732]
[-0.09121791  0.5316756   0.62179529  0.2719769   3.75928056 -3.82574066]
[-0.11712757  0.47005703  0.72709128  0.26460605 -2.52719144 -3.78125892]
[-0.13534846  0.17162017  1.01192861  0.30396037 -2.52894408  2.53342595]
[-0.08906081  0.26944419  1.24166541 -0.08866464  3.75959655  2.453761  ]
[-2.93777738  2.77917127 -0.87891887  3.31782698  0.71421904 -4.28048058]
[-0.17418714  0.39836859  0.76730649  1.88871723  2.61234987  4.71707983]
[-0.10556977  1.40337294 -1.39145941  1.43359311 -2.52584022  2.48203322]
[-0.09109884  0.99632019 -0.71787493  1.14683656 -2.52388645 -3.82594383]
[-0.29605193  0.07457732  1.4527361   0.1885019   3.75924712 -3.47081088]
[ 3.42595299  2.83684856 -0.38750307  0.26244064  4.27691837  0.00673309]
[-0.21622998  0.09911825  1.4462691   0.05754115  3.75217051 -3.60886234]
[-2.96728818  2.78253576 -1.08373412  3.48881696  0.70031674 -4.2404126 ]
[-0.0681145   0.96935727 -0.50254229  0.92665745 -2.52019171  2.41817207]
[-2.97791486  2.76151399 -1.06215461  3.47696011  0.69550749 -4.22566588]
[-0.14005977  1.40598012 -1.30411285  1.39232812 -2.52931692  2.54159696]
[-0.06992889  0.38090643  0.5605494   0.45451245 -2.52050946  2.42124133]
[-2.9627477   2.90673671 -1.2283047   3.51396096  0.7024035  -4.24666205]
[-0.10336027  1.40197499 -1.4410172   1.48145181 -2.52556084  2.47823904]
[ 3.62211391  3.13714253 -1.1326621   0.80888532 -1.77730224  3.63048285]
[-0.17647699  0.267435    1.00420322  0.2744572   3.75202337  2.6049699 ]
[-0.18344878  0.11050504  1.13253084  0.31302397 -2.53130145  2.61713004]
[-2.97240995  2.98791833 -0.72754037  0.87423581 -0.69819969 -4.79859172]
[-2.95473229  2.79594691 -0.91927543  3.32407112  0.70613492 -4.25761836]
[-2.78517903  2.86091413 -1.08464276  3.5781502   0.79736827 -4.46741808]
[-2.90342856  2.9024333  -1.24777806  3.59717177  0.7313646  -4.325477  ]
[-2.92105185  2.61365497 -0.60678571  3.22786861  0.72244333 -4.30260745]
[-0.20739491  0.36425973  1.14101898  0.08502298 -2.53124483  2.65891357]
[-0.20059648  0.10054985  1.30384197  0.17619144 -2.5313421  -3.63613139]
[-0.22191015  1.34875884 -1.25265505  1.51493754 -2.53081255  2.6842247 ]
[-2.91812796  1.95495875  0.87169959  2.41094813  0.72390583 -4.30643346]
[-0.20375009  1.19546202 -1.00969068  1.39932099 -2.53130444 -3.63062896]
[-0.13329606  0.07727448  1.43645261 -0.02912497 -2.52876759 -3.75331345]
[-2.80811243  2.71539087 -0.94143931  3.56216786  0.78380295 -4.44140104]
[-0.10156857  0.19840063  1.12664524  0.11485521 -2.52532879 -3.80802011]
[-0.14950973  0.55624285  0.80852242  0.14286252  3.75320788 -3.72517841]
[-2.96625943  2.88270606 -1.1566097   3.46260636  0.70078799 -4.24183089]
[-2.96526446  2.67906642 -0.92474711  3.43543102  0.70124442 -4.24320171]
[-2.95214234  2.74985971 -0.95684689  3.41040634  0.70735304 -4.26113799]
[-0.15075608  1.15092521 -0.7988094   1.15728524 -2.53005468  2.56017313]
[-0.27594875  0.32088474  1.18841171  0.17838149  3.75662188 -3.50529174]
[-2.66658565  2.54859948 -0.75979392  2.52977599 -1.7996247  -3.17017377]
[-0.07585474  0.20352472  1.30906181 -0.10844363 -2.52152007 -3.85189766]
[-0.12006495  0.22855703  1.00958333  0.22775547  3.75568022 -3.77619112]
[-2.84478452  2.78137364 -0.71125641  3.23516964  0.76284088 -4.39831934]
[-0.14598923  0.4997425   0.78764641  0.21522815  3.75343784 -3.731298  ]
[-0.22103525  0.31067048  1.11592703  0.18319079  3.75234195 -3.60048877]
[-0.15768393  0.20972922  0.87827606  1.13086053  3.95797711 -0.132014  ]
[-0.25575519  0.15991816  1.23346882  0.26579158 -2.52863536  2.74302669]
[-2.87614777  2.52383426 -0.25756219  3.011074    0.74567812 -4.35998099]
[-2.8241506   2.74992447 -0.67905551  3.25200635  0.77452107 -4.4227871 ]
[-2.92213148  2.8420482  -0.82795947  3.21958711  0.72190496 -4.30119196]
[-0.10885334  0.63544117  0.5654974   0.24917575 -2.52624297 -3.79550855]
[-0.19231039  0.36972721  1.10004215  0.09896347  3.75181156  2.63259399]
[-0.14879975  0.227636    1.06196402  0.2170177  -2.52993231 -3.7264121 ]
[-0.10559051  0.31603135  0.72327319  0.40623852  3.75733817  2.48207473]
[-2.86862229  2.55153026 -0.18812289  2.92077444  0.74972961 -4.36930639]
[-2.80451617  2.58064171 -0.74149074  3.49988849  0.7859054  -4.44552854]
[-0.11383839  0.33878879  1.0562732   0.06205889 -2.52682862  2.49625586]
[-2.92325982  2.89284101 -1.16217756  3.50189998  0.72134407 -4.29971006]
[-0.14933191  0.27165998  1.17582655  0.05988503  3.75321785 -3.72548935]
[-0.32673799  0.0983258   1.43386634  0.22600379  3.76432501  2.86444948]
[-0.06084438  0.33415051  0.62079797  0.4285527  -2.51887354 -3.87728279]
[-0.12775634  1.39730946 -1.43872437  1.51817655 -2.52827232 -3.76290026]
[-2.80565149  2.86632704 -1.0217413   3.49353413  0.78524003 -4.44422782]
[-0.11828407  1.20596514 -1.21047927  1.46789792 -2.52731637  2.50392076]
[-0.06825233  1.25096125 -1.23190798  1.3746085   3.76296917 -3.86478033]
[-0.20292236  1.33819211 -0.94471469  1.19043077 -2.53131496 -3.63207375]
[-0.27335938  0.21341639  1.26837804  0.20224147 -2.52686378  2.77343457]
[-0.14189673  1.2803071  -1.153734    1.3702306  -2.52945531 -3.73840112]
[-0.16190274  1.09010371 -1.03987376  1.47505612 -2.53065017  2.57956981]
[-0.19868298  0.07240554  1.37752318  0.12791787 -2.53135894 -3.63947064]
[-0.12874119  1.28037358 -1.20804336  1.40582436 -2.52836047  2.52198807]
[-0.09591161  1.28808209 -0.9707348   1.11464559 -2.52456906  2.46547176]
[-0.19048975  0.17756677  1.35135137  0.03721175  3.75181762 -3.65376781]
[-0.11322153  0.3961233   0.75744376  0.30268415  3.75642828 -3.78799264]
[-2.83083928  2.69570521 -0.94296417  3.5645003   0.77070268 -4.41491955]
[-0.07612633  1.26805434 -0.75555014  0.89201106 -2.52156223  2.43174686]
[-0.09272415  1.12758506 -1.0773121   1.37727339 -2.52412099  2.46001887]
[-2.85117125  2.83589583 -0.82223067  3.28604912  0.75928689 -4.39062412]
[-2.84714128  2.73673374 -0.69501148  3.26151501  0.7615259  -4.39548614]
[-0.1826468   0.19557101  0.98860587  0.37073641 -2.53128905  2.6157309 ]
[-0.12377624  0.49413596  0.83042586  0.14657189  3.75530068 -3.76978329]
[-2.89130813  2.71081826 -0.87632522  3.42880989  0.73765185 -4.34093912]
[-0.06074734  0.49267777  0.43388934  0.45680144 -2.51885548 -3.87744612]
[-0.19164331  0.20666168  1.15698752  0.20412964  3.7518136  -3.65175537]
[-2.97802446  2.79943811 -1.10184373  3.47860758  0.69545899 -4.22551264]
[-0.1372199   0.16278764  1.38440229 -0.05702605 -2.52909701  2.53667044]
[-2.90014862  2.62086593 -0.8131851   3.44727434  0.73305581 -4.32968218]
[-0.16004448  0.23257595  0.9992795   0.29077973 -2.53056322 -3.70685176]
[-0.19777199  0.16057135  1.33882107  0.07715246 -2.53136466 -3.64105921]
[-0.27471476 -0.11506309  1.36589114  1.04702741  4.03236013 -0.01200457]
[-0.09587423  0.36965756  0.72478765  0.33749371 -2.52456612  2.46540609]
[-0.22905422  0.36940385  1.09922677  0.15259663 -2.53048513 -3.58652368]
[-0.09436861  0.53230232  0.83972337  0.05781218 -2.52435605  2.46282982]
[-2.94163315  2.83162983 -1.02717891  3.40972266  0.71235832 -4.27531709]
[-2.81953587  2.68276888 -0.61485605  3.25881123  0.77717435 -4.42817877]
[ 3.64709246  2.90774974 -0.40975171  0.03956551 -1.93041228  3.12097699]
[ 3.54505656  2.00146432  1.08682693  0.58326393 -1.67395323 -0.89781727]
[-0.07722894  0.39342902  0.68250565  0.33010035 -2.52174593  2.43361479]
[-0.22428827  1.42385556 -1.44988675  1.64045916 -2.5307108   2.68836198]
[-0.2137665   1.30749489 -0.99193385  1.28384658 -2.53108916 -3.61315878]
[-0.1237273   1.0983304  -0.89059315  1.26332789 -2.52787883  2.5133183 ]
[-0.20562329  0.26687967  1.24910717  0.07178335  3.7519109  -3.62736125]
[-0.16945898  0.17888426  1.08240751  0.27477726 -2.53095599  2.59273295]
[-1.51718077e-01  3.40869990e-01  1.16865856e+00  1.24204290e-03 3.75307207e+00  2.56184582e+00]
[-2.98941846  2.86904995 -1.15278905  3.44763061  0.69042416 -4.20951203]
[-2.80917941  2.76625416 -0.91329694  3.48229288  0.78318007 -4.44017378]
[-0.07892254  0.23363606  0.86734665  0.30739283  3.7611651   2.43649132]
[-2.85821966  2.77317192 -1.05654477  3.57686813  0.75539936 -4.38206597]
[-0.07724221  0.96887899 -0.41698946  0.85416566 -2.52174518  2.43363906]
[-0.08872804  0.53872386  0.555636    0.32762198  3.75964646  2.45319315]
[-0.169607    1.30900306 -1.18568765  1.41296636 -2.53095852  2.59299211]
[-0.28299665  1.3575342  -1.32855408  1.66859222  3.75747865 -3.49317371]
[-0.13886934  0.33988167  0.90151081  0.25111326 -2.52922502 -3.74365317]
[-2.73254133  2.9256722  -1.14886476  2.30645415 -2.56477123 -2.8466692 ]
[-0.37408739  0.94878036 -0.97473625  2.68706269 -2.49837912 -2.23370497]
[-2.87699923  2.81674795 -1.05880874  3.51862354  0.7452233  -4.35891808]
[-0.08543745  0.34074391  0.78149373  0.29516964 -2.52304573  2.44757955]
[-0.20038639  1.21392299 -1.27235786  1.63871705 -2.53134344 -3.63649847]
[-0.29058622  0.22273688  1.32564     0.15981489  3.75847816  2.80302602]
[-0.22815244  1.42155364 -1.41825277  1.61664085  3.75265584 -3.58809323]
[-0.26272131  1.22940752 -1.30415017  1.74377568  3.75520186 -3.52810788]
[-0.1902102   0.12813375  1.00898813  0.42860734  3.75181916 -3.65425633]
[-0.18969393  0.24602762  1.14732162  0.17163947 -2.53136568  2.62802613]
[ 0.08154145 -0.00785645  1.08294768  0.6309025  -1.26423601 -2.35998278]
[-0.07400394  1.16048076 -0.77204009  1.01314277 -2.521207   -3.85504111]
[-0.09838916  1.36699739 -1.08360505  1.15205796  3.75827664  2.46971227]
[-2.7896625   2.36895525 -0.22493221  1.80675279 -0.9215493   3.49997713]
[-2.72245754  2.7580514  -1.07934964  2.41722998 -2.57065331 -2.83158225]
[-0.16434112  1.36255473 -1.27247243  1.43868202  3.75242873 -3.69936912]
[-2.97264727  2.94582823 -1.27165839  3.50777238  0.69787827 -4.23299675]
[-0.10197813  1.23994728 -0.84511372  1.04564045 -2.52538217 -3.80731791]
[-0.28160044  1.27453455 -1.34896368  1.77004285 -2.52588306 -3.49557297]
[-2.86200107  2.49890827 -0.13411282  2.92533237  0.75332925 -4.37744462]
[-0.33407235  0.17559845  1.01440716  0.57821233  3.76571872 -3.40639495]
[-0.31700492  1.39518289 -1.39131392  1.7409669  -2.52060922  2.84801303]
[-0.23394646  0.25087807  1.24728299  0.13003787 -2.53022108 -3.57801067]
[-0.23549991  0.15824478  1.23608953  0.2360762  -2.530133    2.7078755 ]
[-0.10277474  0.25503497  0.87168652  0.31486807 -2.52548514 -3.80595098]
[-0.17095889  1.29552835 -1.0941863   1.33686981 -2.53100384 -3.68783697]
[-0.09978476  1.11209737 -1.06203207  1.38734148 -2.52509461  2.47210832]
[-0.09778533  0.56622511  0.70431482  0.16407025 -2.52482532 -3.81450499]
[-2.57470873  2.97904704 -0.89836264  1.52933291  2.55472196 -4.40735372]
[-0.12210103  0.09591099  1.42359849 -0.05074105 -2.52771501 -3.77267638]
[-2.90213728  2.72545129 -0.87507383  3.40268269  0.7320309  -4.32713379]
[-0.11367147  0.35223744  1.08310451  0.02154233  3.75637733  2.49596764]
[ 3.40903111  3.10586623 -0.99364307  0.80433682 -1.86542589  0.91451719]
[-0.07910292  0.9865199  -0.71304028  1.1351502   3.76113465  2.43680168]
[-2.82091845  2.76216586 -1.03810203  3.60151038  0.77637798 -4.42656644]
[-0.25736045  0.07152719  1.4844281   0.10549372  3.75469453 -3.53738101]
[-0.13075327  0.36121437  0.793302    0.32648412 -2.52854359 -3.75771649]
[-0.28183733  0.16274517  1.30564206  0.22755919 -2.5258549   2.78801943]
[-2.80180713  2.75682144 -1.05572252  2.59200065 -1.74607935 -3.29694098]
[-0.11506854  1.26423895 -0.73549251  0.93010762 -2.52696437  2.49837689]
[-0.09757093  0.23320999  1.045601    0.15549859 -2.52479688 -3.81487306]
[-0.10942262  0.25639107  0.82160618  0.37291741  3.75687449  2.488657  ]
[-2.87794808  2.64913277 -0.77626354  3.40282354  0.74471638 -4.35773474]
[-0.08736302  0.21153046  0.82871969  0.37983339 -2.52333571 -3.83232144]
[-2.77550456  2.42883001  0.43383951  1.52128596  1.21122778  0.68966524]
[-2.67796724  2.5868007   0.30405633  0.27723197  2.15837156 -4.69806166]
[-0.17445837  1.22875474 -1.09236445  1.40682103 -2.53110909 -3.68173537]
[-0.30651146  0.06686861  1.43468754  0.22878708 -2.52235396  2.83020526]
[-2.83759944  2.5465033  -0.56492359  3.32990191  0.76687436 -4.40690589]
[-0.07934738  0.48546251  0.61842285  0.30508143 -2.52208754 -3.84596965]
[-2.84864046  2.49378851 -0.43191255  3.24005341  0.76069203 -4.39367993]
[-0.21816272  1.36302847 -1.11152401  1.3541821  -2.53094948 -3.60549516]
[-0.06045663  0.10166211  1.32595002  0.23239538 -1.24830592 -2.21158692]
[-3.02294925  2.91981104 -1.20265928  3.40935433  0.67635599 -4.16130443]
[-0.07451256  1.1372884  -0.73640132  1.00139804  3.76189278 -3.8541787 ]
[-2.81469397  2.86997793 -1.03776466  3.49851629  0.77997319 -4.43380496]
[-0.20261415  0.19071911  1.19267062  0.20007775 -2.53131908 -3.63261153]
[-0.1351668   1.39070525 -1.35601587  1.45256379 -2.52892596 -3.75007259]
[-2.80920427  2.62038466 -0.49333816  3.20818302  0.78316562 -4.4401449 ]
[-0.11863576  0.22559765  0.84402439  0.3942574  -2.52735507 -3.77865807]
[-0.13274933  0.17768772  0.94476592  0.36137359  3.75446553  2.52892477]
[-2.88409122  2.85166978 -1.01042226  3.4287817   0.74145058 -4.35004356]
[-0.11113865  0.9610649  -0.73496665  1.2272275   3.75667027 -3.79157646]
[-2.86180237  2.58370441 -0.22717466  2.93377589  0.75343788 -4.37768852]
[-2.97962253  2.60967666 -0.84345419  3.408265    0.69474527 -4.22328018]
[-0.10170413  0.14653864  1.19533781  0.09821374 -2.52534675 -3.80778813]
[-2.88365752  2.55910275 -0.53353827  3.24486697  0.74168026 -4.35058906]
[-0.14229322  0.14081014  1.4007968  -0.04423785 -2.52948602 -3.73771102]
[-2.80955098  2.6256919  -0.59284251  3.30209741  0.78296338 -4.43974585]
[-0.07717787  1.25074543 -0.98808879  1.14330972  3.76145034 -3.84965545]
[-0.09927252  0.99169984 -0.713604    1.15859261  3.75815997  2.47122808]
[-0.14206861  0.53746992  0.7286211   0.23095672 -2.52946808 -3.73810288]
[-2.90192702  2.71428523 -0.87847233  3.41744843  0.732139   -4.32740397]
[-0.09241766  1.02224672 -0.90042749  1.30530017 -2.52407663 -3.82368988]
[ 3.66181363  1.92299983  1.10738383  0.69120458 -2.15862984 -1.77160081]
[-0.16342364  1.31365127 -1.01711039  1.23091477 -2.5307185  -3.70096684]
[-0.12189704  0.47616789  0.85783358  0.13447884 -2.52769408 -3.77302874]
[-0.19932691  1.19929154 -1.06828664  1.44776166 -2.53135317  2.64483761]
[-2.85849776  2.62834374 -0.72134871  3.38625338  0.75524714 -4.38172672]
[-2.82513566  2.73214847 -0.57146016  3.16136153  0.77395725 -4.42163216]
[-2.91395666  2.8064789  -0.88364724  3.31884457  0.72600417 -4.31187045]
[-0.13975071  0.25810212  1.17188076  0.06377249 -2.52929616  2.54105954]
[-0.11650814  0.09458182  1.46594243 -0.09964265  3.75606156 -3.78232703]
[-2.81027202  2.64522343 -0.81470977  3.50385369  0.78253842 -4.43892475]
[-2.53863217  2.76953906 -1.01550217  2.62360102 -2.6558531  -2.50641867]
[-0.15579887  1.08295316 -1.02247791  1.45611147 -2.53035029  2.56894715]
[-0.24847932  1.31257687 -1.21600433  1.55229021 -2.52923729  2.73041784]
[-0.13885006  0.1236966   1.29536721  0.07341369  3.75396132 -3.74368749]
[-0.35382492  0.01683031  1.50426478  0.27381804 -2.51332418 -3.37344623]
[-0.15200326  0.47238923  0.9419051   0.09688149 -2.53013274  2.56234083]
[-0.2001849   0.4977048   0.90006657  0.18222257 -2.53134531 -3.63685014]
[-0.23054739  0.11561012  1.23828158  0.26946413 -2.53040796 -3.58392473]
[-2.90123355  2.60280722 -0.52485319  3.17596792  0.73249587 -4.3282927 ]
[-2.92170996  2.76746726 -0.79693613  3.26355934  0.72211521 -4.30174456]
[-0.33595976  0.02905985  1.3913744   0.35034031 -2.51708457 -3.40324011]
[-2.96083347  2.68231256 -0.905001    3.4170887   0.70328808 -4.24929003]
[-0.22048388  0.11053893  1.41518092  0.08328084 -2.53086727  2.68173523]
[-0.0997418   0.47543529  0.95473834  0.00717113 -2.52508802  2.47203249]
[-2.91330037  3.10019653 -1.07972628  0.8505802  -0.49950598 -4.39900624]
[-2.84780419  2.71162232 -0.46948671  3.06053297  0.76115231 -4.39469731]
[-0.25113456  1.28481453 -1.20763519  1.57545437 -2.52902878 -3.5481601 ]
[-2.81284186  2.53855108 -0.31628579  3.1099933   0.78104666 -4.43595391]
[-0.31758261  0.2123799   1.31480353  0.21844561  3.76267469  2.84898967]
[-0.18370389  0.20859666  1.33807793  0.00975004 -2.53130504  2.61757516]
[-0.13062384  0.4484098   1.00620251  0.02620374 -2.52853484  2.52524357]
[-2.88034044  2.72037569 -0.82957545  3.38269389  0.74344112 -4.35474624]
[-2.77606988  2.66126307 -0.83568558  3.53590944  0.80284888 -4.47756003]
[-0.09657996  1.05807675 -0.96024984  1.33509878 -2.52466091  2.46661554]
[-0.10189629  0.51092128  0.55607816  0.37335963  3.75781366  2.47572672]
[-3.04209958  2.89521087 -1.19459504  3.4037712   0.66884506 -4.13302759]
[-0.07623888  1.0336382  -0.9244031   1.29543313 -2.52158032  2.43193516]
[-2.80760523  2.83440854 -1.00708693  3.50921093  0.78409922 -4.44198428]
[-0.11193273  0.16143358  1.13757531  1.76362168  2.55030953  4.72680016]
[-0.12204436  0.30499122  1.11738414  0.04631291  3.75547532  2.51041068]
[-0.22814729  0.2984045   1.16532438  0.15620525 -2.53053268  2.69508271]
[ 3.65870954  2.58716096 -0.613172    2.78524946  3.27383846  3.23143601]
[-2.85833807  2.78740627 -0.94195743  3.44794157  0.75533466 -4.38192164]
[-0.14577883  0.23009514  1.12975696  0.14246847 -2.52973174 -3.73166101]
[-0.21740377  1.33936528 -1.16197319  1.42721131 -2.53097516  2.6763679 ]
[-0.081134    1.30138082 -1.33305949  1.44311879  3.7608118   2.44025333]
[-2.86163172  2.80344376 -0.79719785  3.28421156  0.75353106 -4.37789669]
[-2.9235561   2.58364205 -0.61230939  3.26093824  0.72119682 -4.29932061]
[-2.92231547  2.76449941 -0.91394316  3.38293816  0.72181389 -4.30095014]
[-0.08488833  0.38558004  0.90225491  0.12881005 -2.52296248  2.44664392]
[-0.26153425  0.10602509  1.35026059  0.21107094 -2.52810199  2.75302634]
[-2.95881061  2.7587465  -1.01671204  3.4544776   0.70422664 -4.252061  ]
[-0.25937593  0.08761641  1.36219162  0.214495   -2.52830591  2.74929255]
[-0.10507624  1.02497155 -0.69215049  1.11199353 -2.52577795  2.48118552]
[-0.15298585  0.29840969  1.10223724  0.11193254 -2.53018812 -3.7191318 ]
[-0.10979222  0.3857031   0.89688609  0.1688443  -2.5263555   2.48929212]
[-0.1192936   1.13297642 -0.94962462  1.28145169 -2.52742574  2.5056599 ]
[-0.11956135  0.21441424  1.15427343  0.0964957  -2.52745489  2.50612318]
[-2.97985975  2.86222841 -1.17568721  3.48769137  0.69463957 -4.22294841]
[-0.29900286  0.0457084   0.98038892  2.00367859  2.73655894  4.68956303]
[-0.10397793  0.45644792  0.74839435  0.23843254 -2.52563931 -3.80388605]
[-0.05880556  0.42171475  0.63930564  0.3196927   3.76469411  2.4024697 ]
[-0.07349553  1.34174422 -1.20000229  1.25913989 -2.52112146 -3.85590331]
[ 3.55439542  2.20700881  0.64316115  0.82189311 -1.68200984 -0.89306718]
[-0.11028526  0.6236378   0.60706882  0.2214191  -2.52641417 -3.79304535]
[-0.09590919  0.42075919  0.67806036  0.33316623  3.75861576 -3.81772029]
[-0.09651552  0.19221935  1.01005802  0.23055906  3.75853329 -3.8166795 ]
[-0.18767903  1.30812198 -1.368066    1.62205414 -2.53134873  2.62451253]
[-2.80752005  2.41947239 -0.3616788   3.27880845  0.78414888 -4.44208235]
[-0.14351489  0.119288    1.0982909   0.28152376  3.75361224 -3.73559225]
[-0.0597337   0.92372643 -0.63073297  1.08898779 -2.51866653 -3.87915383]
[-0.09325222  1.12606722 -0.70259084  1.00480605  3.75898973  2.46092193]
[-0.1687418   1.3643689  -1.45869605  1.62937334  3.75225696  2.59148397]
[-0.06860483  0.34770734  0.66424234  0.38219327 -2.52027977 -3.86418675]
[-0.20322274  0.13218403  1.23804859  0.21410513 -2.53131101 -3.63154957]
[-0.1764276   1.23776845 -1.06094516  1.36920132 -2.53116048  2.60488352]
[-0.1503959   0.41492299  0.85678972  0.2371748  -2.53003464  2.55954606]
[-0.07195232  0.99231324 -0.35121211  0.75765577  3.76232489  2.42466845]
[-2.64020801  2.93409317 -0.66165693  1.45900804  1.59716343  0.56513471]
[-0.20234888  0.08234636  1.40311838  0.09762344 -2.53132205  2.65011097]
[-0.07376922  0.96805536 -0.30264021  0.73584419 -2.52116755  2.42774595]
[-0.26800628  1.32155688 -1.35573789  1.71067471 -2.52744544  2.76420449]
[-0.27617144  1.29127065 -1.35941936  1.75614042  3.75664804 -3.50490744]
[-2.79431676  2.68755348 -0.71776399  3.37742907  0.79192262 -4.45713569]
[-0.35649557  1.33437349 -1.44412826  1.90824771  3.7704592  -3.36902015]
[-0.30332429  1.27165308 -1.33035289  1.78462646 -2.52285126  2.82478187]
[-0.16941339  0.08559784  1.30548031  0.14492676 -2.53095175 -3.69053083]
[-2.68093358  2.66223095 -0.69616814  2.34947324 -1.79409904 -3.18376073]
[-0.10112858  0.2867062   0.72986226  0.42271485 -2.52527404  2.4744087 ]
[-0.18198867  0.35365231  0.95727735  0.24304432  3.75190948 -3.66860066]
[-0.22979318  0.31855102  1.12020657  0.1835221   3.752737    2.69794701]
[-3.05587538  2.91711593 -1.24685627  3.41787977  0.66368575 -4.11236057]
[-2.78227715  2.81652885 -1.00385141  3.54400732  0.79910861 -4.47066062]
[-0.0713958   1.36473142 -1.31421451  1.34747213  3.76241912 -3.85945981]
[-0.11269135  0.3893975   0.76913904  0.29697155 -2.52669517 -3.78890403]
[-2.91783674  2.85534196 -1.18835647  3.57090613  0.72405208 -4.30681405]
[-0.08242165  0.32157035  1.16905828 -0.07740542 -2.5225793   2.44244315]
[-2.78871097  2.49227826 -0.48804116  3.347414    0.79525725 -4.46345658]
[-3.08259915  2.83608769 -0.80662471  3.02637434  0.65427977 -4.07150603]
[-0.1507411   1.34153966 -0.95235061  1.12019174 -2.53005394  2.56014796]
[-2.81083696  2.30989756 -0.23038632  3.25438477  0.78221401 -4.43826384]
[-0.10030328  1.17240272 -0.79689632  1.0626236  -2.52516279 -3.81019035]
[-2.89293956  2.75992494 -0.86563128  3.36748557  0.73679678 -4.3388777 ]
[-2.89459779  2.43539063 -0.42070737  3.24552686  0.73593439 -4.33676296]
[-0.33040933 -0.01113255  1.46155014  0.31279521 -2.51816909  2.87062739]
[-2.9815656   2.84815855 -0.97821807  3.30246054  0.69388003 -4.22056367]
[-2.88734687  2.59055906 -0.49963743  3.1760827   0.7397321  -4.34594527]
[-3.06744879  2.73525486 -0.62879438  2.19925069 -0.72122226  3.90846992]
[-0.24089912  0.18093151  1.19437307  0.26278955  3.75339669 -3.56592512]
[-2.89621523  2.48627506 -0.55976713  3.33217577  0.7350933  -4.33470457]
[-0.06367149  1.04668642 -0.70103191  1.04171544  3.76378889  2.41066628]
[-0.36157393  0.01683673  1.51023076  0.27821308 -2.51156288 -3.36062316]
[-0.20105744  1.19465885 -1.09630978  1.48289177 -2.53133743 -3.63532828]
[-0.21594088  0.07515312  1.46828929  0.0590716  -2.53102522  2.67381779]
[-0.07078697  1.1793461  -0.67833046  0.89613343 -2.52065846  2.42269338]
[-0.21109323  0.15334227  1.26334635  0.1788994  -2.53116053 -3.61782052]
[-0.18448641  1.28854818 -0.87321214  1.14220887 -2.53131365  2.61894195]
[-0.31107995  0.13854692  1.35199931  0.24611408  3.76156709  2.83796663]
[-0.21697403  0.31233586  1.05430331  0.23735088  3.75219483  2.67561889]
[-0.0714932   0.62147972  0.59983205  0.17681097  3.76240512  2.42389037]
[-0.07920423  0.55897367  0.63132483  0.21846997 -2.5220645  -3.8462132 ]
[-0.22467037  1.23935857 -0.75546408 -0.25588934 -2.48317957 -4.20088668]
[-0.1906233   0.12106471  1.22179467  0.22345968 -2.53137028  2.62964882]
[-0.21404807  0.00925305  0.95052231  1.61696416 -1.89299133  4.66184935]
[-0.08761214  0.31103061  0.9860988   0.12330065  3.75981249 -3.83189632]
[-0.06041449  0.40152698  0.62719448  0.35419186 -2.5187939  -3.87800671]
[-0.06428735  0.94902465 -0.52654614  0.96573904 -2.51950681 -3.87147789]
[-0.08797594  1.12068379 -0.9574363   1.25768835 -2.52342696  2.45190971]
[-0.07260045  1.36185706 -1.23718608  1.27497681 -2.52096978  2.4257651 ]
[-0.0706902   0.33752719  1.08970789 -0.03021782 -2.52064286 -3.86065456]
[-0.29370494  1.28904071 -1.41775802  1.84126106 -2.52427378 -3.47482323]
[-0.0917901   0.56053234  0.66606258  0.19965025 -2.5239863  -3.82476224]
[-2.889441    2.60841315 -0.78637278  3.44300814  0.73862952 -4.34329976]
[-0.06609958  0.92469891 -0.73532372  1.20132975 -2.51983626 -3.86841771]
[ 3.62314204  2.04148596  0.34300147  1.78466378 -1.48674291 -0.24039879]
[-0.16663176  0.21846095  1.26559925  0.0479733  -2.53084913 -3.69537837]
[-0.09587027  1.2246409  -1.02815815  1.23545149 -2.52456312 -3.81778509]
[-0.29751839  0.05859497  1.31547215  1.65609469  2.73508373  4.68998295]
[-2.90879614  2.69276445 -0.74616568  3.30007415  0.72862168 -4.31855972]
[-2.77780034  2.44440432 -0.36108631  3.27683528  0.80180379 -4.47564144]
[-0.07997657  0.18823654  0.94851143  0.27308792 -2.52219145  2.43828358]
[-0.15843182  0.14841773  1.41215515 -0.04023581  3.75269801  2.57352704]
[-0.13002714  0.52370215  0.80088756  0.15538295 -2.52847794 -3.75897322]
[-0.22966046  1.09841924 -0.43468399 -0.72752223  4.25733996 -2.83794588]
[-0.14514249  0.13978825  1.4185412  -0.05691456 -2.52969052  2.55041817]
[-0.2190472   0.06436317  1.27101191  0.27157423 -2.53091837 -3.60395373]
[-0.13724744  1.01595679 -0.88139095  2.30723363 -2.69662844 -2.4884082 ]
[-2.86137127  2.72836335 -0.75342912  3.31575657  0.75367346 -4.37821642]
[-0.12628207  0.29973456  1.18549939 -0.01055863  3.75505678  2.51773439]
[-0.22752196  0.37174535  1.11255476  0.13474277 -2.53056    -3.58919067]
[-0.17454614  1.20402514 -1.1576722   1.49698332 -2.53111128  2.60160255]
[-0.06436782  1.07993456 -0.55261148  0.86100541 -2.51952146  2.41184364]
[-2.7419535   2.67360246 -0.93159963  2.56148619 -1.7701683  -3.24117133]
[-0.07325447  1.12076303 -0.85667752  1.13646347 -2.52108084  2.42687302]
[-0.07509549  1.28569517 -1.17207103  1.28946585 -2.52139109 -3.85318966]
[-0.26076228  0.22727809  1.26915356  0.16983249 -2.52817584  2.75169069]
[-0.09163765  0.90751545 -0.70992629  1.22844265 -2.52396483  2.45816173]
[-0.12696283  0.54852934  0.82216716  0.10494177  3.75499103  2.51891154]
[-0.09375497  1.10115908 -0.47707268  0.80489732  3.75891842  2.46178165]
[-3.00466608  2.88920954 -1.09747708  3.35537144  0.68388586 -4.18779661]
[-0.1354604   1.31403087 -1.2208805   1.3945191  -2.52895013  2.53362154]
[-2.59513701  2.69115876 -0.96737956  2.32660113  4.29446384 -2.59382383]
[-2.9562624   2.79629937 -0.95848404  3.36134114  0.70541809 -4.2555343 ]
[-0.26558685  0.30423383  1.15976784  0.20907845  3.75548879  2.76002797]
[-0.0914894   1.12012532 -1.06170637  1.36740676 -2.52394327 -3.82527648]
[-2.98434805  2.85079697 -1.06743076  3.38602879  0.69264901 -4.21665668]
[-1.52542069e-01  2.77668635e-01  1.23787517e+00 -3.60284415e-03 3.75302335e+00  2.56327631e+00]
[-0.07408299  1.21430654 -0.78873917  0.97612484  3.76196473  2.42827794]
[-0.10766577  0.34586986  0.98915546  0.11342018 -2.52610098  2.48563341]
[-2.92643511  2.80962798 -0.84439463  3.26419946  0.71976729 -4.29553938]
[-0.12860145  0.51752178  0.63373161  0.32670167  3.7548372   2.52174475]
[-0.06283898  0.23612098  0.88698238  0.2631288   3.76394296  2.40926413]
[-0.17517016  0.417801    0.90738071  0.21904237  3.75205319 -3.68049727]
[-0.17456971  0.1459685   1.36739613  0.03001617 -2.53111644  2.6016527 ]
[-0.10144812  0.99555815 -0.7126537   1.15682745 -2.52531305  2.47495806]
[ 0.09171582  0.3956515   0.86894818  0.44457697 -1.26562337 -2.37055274]
[-2.86743888  2.47951427 -0.25637066  3.06210535  0.75037061 -4.3707652 ]
[-0.33362084  1.32095532 -1.41752526  1.86416107 -2.51754556  2.87602189]
[-0.15697735  0.35087707  0.98328279  0.18410403  3.7527757  -3.71218951]
[-2.68329683  3.17276871 -1.22186175  1.80164196 -3.88191276  4.33930235]
[-0.10056783  1.10574327 -0.67089066  1.00364766 -2.52519907 -3.80973665]
[-0.2108313   1.39900889 -1.42366167  1.61986658 -2.53116661 -3.61827719]
[-2.90991679  2.72064588 -0.96414238  3.48908802  0.72805117 -4.31711067]
[-0.13989112  0.1789187   1.15514732  0.15989048  3.75388089 -3.74188058]
[-2.83438587  2.88715116 -1.10787456  3.53495152  0.76869024 -4.41072313]
[-0.08088801  1.21346363 -1.0409982   1.23863417 -2.52233451  2.43983508]
[-0.2837494   1.3948693  -1.20407327  1.50783086 -2.52561113 -3.49188193]
[-0.10870123  0.5483769   0.5886029   0.31292111  3.756961    2.48741544]
[-0.06423483  0.23060496  1.05078679  0.10675404 -2.51949729 -3.87156625]
[-0.14389331  0.35948166  1.13069763  0.00946125 -2.52960007 -3.73493512]
[-2.78227388  2.35813853 -0.26836347  3.26691239  0.79911061 -4.47066441]
[-0.06752659  0.40828536  0.94742288  0.03695448 -2.52008987  2.41717659]
[-2.88372889  2.62110922 -0.79556326  3.444819    0.74164268 -4.35049904]
[-0.14198132  0.39844419  0.94976049  0.14871953  3.75372378  2.54493134]
[-0.1968609   0.44179969  0.98443105  0.14901015  3.75181717  2.64053553]
[ 3.67963082  2.01578923  1.06222188  0.65022316 -2.17350098 -1.75974898]
[-0.21148202  0.31728583  1.08779774  0.19106103 -2.53115078 -3.61714165]
[-0.25453764  1.29258157 -1.32926887  1.69413991 -2.52874124 -3.54226795]
[-0.10822954  1.02340658 -0.71704627  1.14287837  3.75701775  2.48660434]
[-0.16300079  0.36178298  0.83909772  0.32597125 -2.53069898 -3.70170369]
[-0.17988909  0.38512953  0.8772121   0.28863143 -2.53123879 -3.6722632 ]
[-3.01006205  2.83839681 -1.04415411  3.34683443  0.6816288  -4.18002845]
[-2.74315536  2.03506429  1.01229134  0.40377098 -2.71920552 -3.66075017]
[-0.22031358  1.35837665 -1.04521963  1.2955985   3.75231235  2.68143754]
[-0.0801901   0.3730394   0.69765797  0.33943402 -2.52222582  2.43864654]
[-0.23585676  1.33776646 -1.06061178  1.35376022 -2.5301121  -3.57469238]
[-0.30858981  0.04634061  1.37414184  0.31273905  3.76116656 -3.44944536]
[-2.92855423  2.80077358 -0.83689616  3.26344057  0.7187247  -4.29273264]
[-0.1185066   0.22228163  1.07525921  0.16615704  3.75584507 -3.77888053]
[-0.08288192  0.63838151  0.56804492  0.2074349  -2.52265091  2.4432266 ]
[-0.07797861  0.32123335  0.66035013  0.42548982 -2.52186564 -3.84829552]
[-0.10419173  0.46204593  0.89346841  0.0880605   3.75751777 -3.80351909]
[-0.12825636  0.36244591  0.82775328  0.2872677   3.75487012 -3.76203724]
[-0.11838991  1.055926   -0.78499623  1.19260349  3.75585683 -3.77908198]
[-0.24826046  0.06681989  1.29074469  0.29098805  3.75393028  2.73003838]
[-0.22743032  0.14439181  1.23467504  0.23984496 -2.53056478 -3.58935063]
[-2.84253671  2.40137226 -0.20577511  3.11163473  0.76409888 -4.401012  ]
[-0.21467169  0.05385635  1.34636464  0.2004802   3.75212271 -3.6115803 ]
[-0.08876695  0.12747804  1.25119792  0.04335884 -2.52354847  2.45325835]
[-2.78479601  2.67164806 -0.67575804  3.35883082  0.79759773 -4.46784659]
[-2.91085278  2.73710973 -0.75138648  3.25896705  0.72757519 -4.31590196]
[-2.70707291  2.76866141 -0.65464554  1.07461452 -1.61320024 -4.63281858]
[-0.08937816  0.5327971   0.55791727  0.3321722  -2.52363484  2.45430309]
[-2.92621656  2.87638159 -1.16523668  3.5184959   0.71987661 -4.29582016]
[-0.07045433  1.13183169 -0.58041647  0.84527604 -2.52060088 -3.8610549 ]
[-0.0830319   0.18537013  1.26041325 -0.03171197  3.76051331 -3.83970148]
[-0.1228381   1.28420502 -0.82411902  1.00972294 -2.52778953 -3.77140339]
[-0.10317734  0.2447638   1.01718209  0.18020762 -2.52553689 -3.80526   ]
[-0.32601026  1.37502937 -1.35886055  1.74102814 -2.51899589 -3.41996418]
[-2.75043939  3.04262743 -1.23076221  2.70369098  2.64901862  2.89937333]
[-0.11476569  1.357474   -1.02093596  1.12189137 -2.52693399 -3.78532864]
[-2.91566639  2.54673586 -0.62136179  3.31463718  0.72514284 -4.30964486]
[-2.8958127   2.72952761 -0.60286721  3.13240414  0.73530001 -4.33521853]
[-0.22664301  0.23086737  1.17024021  0.21668182 -2.53060241 -3.59072104]
[-0.14018321  0.21574678  0.92082662  0.35779681  3.75385871  2.54181074]
[-0.2704967   0.07723858  1.3275367   0.27523204 -2.5271798  -3.51468222]
[ 3.64377857  3.17131765 -1.18411605  0.82462296 -1.79780509  3.62331566]
[-0.08769041  0.28627751  1.18941867 -0.05515555  3.75979797 -3.83176166]
[-0.11077886  1.26644048 -0.8916809   1.07805704 -2.526474   -3.7921988 ]
[-0.11944104  1.18741531 -0.78354698  1.06114684  3.75574633 -3.77726832]
[-2.98521469  2.82668545 -1.04847614  3.39024731  0.69226718 -4.21543783]
[-0.20641304  0.30637497  1.01809608  0.26442771  3.75192494  2.65720153]
[-2.7794467   2.30708737 -0.09954035  3.15133736  0.80081123 -4.47381467]
[-0.07745772  0.20298211  0.86291067  0.34045858 -2.52178173 -3.84918194]
[-0.3474087   1.36434278 -1.04957912  1.4715159  -2.5147233  -3.3841115 ]
[-2.92948211  2.65402153 -0.67208449  3.24445708  0.7182681  -4.29150548]
[-0.12527278  1.40640815 -1.31564596  1.3824859   3.75515427 -3.76719665]
[-0.0643018   0.99723522 -0.82056064  1.21156334  3.76367589 -3.8714527 ]
[-0.16100943  0.50808494  0.89768981  0.11823643  3.75257625  2.57801354]
[-2.78231704  2.75043521 -0.95080832  3.55702717  0.79908458 -4.47061641]
[-0.13454048  0.2689221   1.2124135   0.00503794  3.75430841  2.53203405]
[-0.21592504  1.41505536 -1.41195998  1.59939593 -2.531024    2.67379   ]
[-0.14063749  0.34417952  1.05777622  0.09305976  3.75382406  2.54259918]
[-0.21661626  1.22185116 -1.24866508  1.63029113 -2.5310034  -3.60819136]
[-2.79527745  2.78851626 -1.006642    3.56457985  0.79135332 -4.45604796]
[-0.2403098   1.39435691 -1.34444757  1.58734628  3.75335832 -3.56694903]
[-0.27724846  0.17993121  1.34344437  0.16612811 -2.52641182 -3.50305585]
[-2.79619543  2.7203067  -0.81304763  3.43846453  0.7908089  -4.45500836]
[-0.11614331  0.18874806  1.35445232 -0.08283304 -2.52708341 -3.7829561 ]
[-0.28695794  0.18977688  1.35796776  0.15537335  3.75798737 -3.4863776 ]
[-0.23276614  0.17115292  1.16603211  0.28933299  3.75289794  2.70312213]
[-0.12076606  0.09301719  1.43105849 -0.05719156  3.7556072   2.50820373]
[-0.1362171   1.2243319  -0.77412095  1.03853191 -2.52901231  2.53493338]
[-0.10923909  0.25162758  1.23175732 -0.03272853  3.75689569 -3.794845  ]
[-0.18516566  1.24482668 -1.19991631  1.51360546 -2.53132237  2.62012678]
[-0.2461409   0.1963976   1.35015578  0.09898947  3.75376943  2.72636098]
[ 0.06453208  0.41636712  0.84479236  0.34113074 -1.64758684 -1.0688041 ]
[-0.09770652  1.16050852 -0.99593754  1.26992795 -2.52481481 -3.81464092]
[-0.20958906  0.25137797  1.26028898  0.0817711  -2.53119866  2.66274101]
[-2.78763301  2.38242053 -0.13554857  3.10562668  0.7959007  -4.46466748]
[-0.06797753  0.20144792  1.10607876  0.08575384 -2.52016888  2.417938  ]
[-2.82700222  2.58082476 -0.75787669  3.49753288  0.77288901 -4.41944016]
[-0.10546798  1.39064078 -1.25149624  1.30622271 -2.52583145 -3.8013239 ]
[-0.14598021  0.19288399  1.13703003  0.17269289  3.75343993 -3.73131114]
[ 3.52708481  2.04123356  0.81400945  0.42153166 -1.13754185  0.86309367]
[-0.07420081  0.26059382  0.81208086  0.32918029  3.76194438 -3.85470751]
[-0.12722827  1.25114927 -1.07376035  1.29862336 -2.52821892  2.51936946]
[-0.17045928  0.38246684  0.95280249  0.20222948  3.7521971  -3.68870796]
[-0.21963593  1.35414622 -1.37752006  1.63116442  3.75228858 -3.60292717]
[-0.05792663  0.20937945  0.92632207  0.24381184  3.76486084  2.40099222]
[-0.08881006  0.93148992 -0.60015838  1.09076478  3.75963326 -3.82985208]
[-2.81825105  2.71815704 -0.59582971  3.20546312  0.7779154  -4.42967498]
[-0.16120991  0.5032796   0.82044381  0.20057371  3.75256699  2.57836264]
[-0.24467421  1.32589177 -0.91049673  1.22806419 -2.52952418 -3.55937009]
[-0.22271173  1.40555513 -1.44451751  1.65114115  3.75240661  2.68561556]
[-2.85476293  2.51170561 -0.62818058  3.41303291  0.75730158 -4.3862738 ]
[-2.87556146  2.93910196 -0.82130692  1.22827998  4.2831786  -0.91360805]
[-0.22247854  0.2960887   1.09984268  0.21591595 -2.53078788  2.68521016]
[-2.89338888  2.60750175 -0.56792244  3.22176942  0.73656484 -4.33829973]
[-2.90682253  2.63500383 -0.8056769   3.41924602  0.72962837 -4.32110766]
[0.13605983 0.43128633 0.80425436 0.7567477  0.55945374 1.18694802]
[-0.10404242  1.17409785 -1.00847389  1.2777412  -2.5256475  -3.80377538]
[-2.81699175  2.59310089 -0.56040545  3.29613711  0.77864305 -4.43113867]
[-2.88566691  2.6448628  -0.33493652  2.95864114  0.74061805 -4.3480624 ]
[-0.13004113  1.22170709 -0.68532925  0.94361465  3.75470526  2.52423607]
[-0.09974993  0.45565072  0.79028165  0.19142368 -2.52508902 -3.81113897]
[-0.24644828  0.41609107  1.02533199  0.20455684 -2.52939321 -3.55629071]
[-0.37034036  1.23841582 -0.76089828  1.1589758  -3.68120699  3.75495648]
[-0.0757038   1.1408846  -0.78922871  1.05227384  3.76169404 -3.85215773]
[-0.11875397  0.35500645  0.89538321  0.21365731  3.7558187  -3.77845337]
[-3.05521107  2.96957117 -1.33386272  3.45322097  0.66392973 -4.11336352]
[-0.32436154  0.022851    1.38691964  0.34517046 -2.51929927 -3.42274165]
[-0.09775922  1.40087133 -1.4180218   1.45172333 -2.52482157  2.46863492]
[-0.10851034  0.45927422  0.71596504  0.27439372 -2.52620135 -3.79609802]
[-2.70017147  3.16684607 -1.50913189  1.53093122 -1.62009405 -4.63249359]
[-0.18227866  0.1254527   1.06471887  0.36422731 -2.53128531  2.61509878]
[-0.07754461  0.62456559  0.51045228  0.27145519  3.76139044  2.43415246]
[-0.2409555   0.0487027   1.33490839  0.25456251  3.75340136  2.71735776]
[-0.07968371  1.14467386 -0.84207247  1.10683052 -2.52214169  2.43778707]
[-0.22888616  1.24323226 -1.23382133  1.61157716 -2.53049293 -3.58681574]
[-0.18378553  0.11419179  1.39816388  0.04418673  3.75188147  2.61771875]
[-0.08862849  0.33487388  1.0206381   0.06633893  3.75965717  2.45302926]
[-0.14731544  0.21119659  0.96229484  0.33101445 -2.52983484 -3.72899144]
[-0.20348382  0.0511787   1.41828172  0.11525056  3.75187802  2.65209121]
[-0.12705369  0.48659401  0.63816731  0.35100452  3.75498228 -3.7641175 ]
[-2.85889047  2.64527646 -0.7689651   3.41658869  0.75503149 -4.38124808]
[-2.88130996  2.62534281 -0.5475207   3.19477842  0.74292504 -4.35353272]
[-0.20036673  1.19546584 -1.06556292  1.45035113 -2.53134356 -3.63653278]
[-0.26756817  0.261494    1.22737493  0.18700682 -2.52749155 -3.5197369 ]
[-0.32004602  0.33336752  1.16721801  0.24843371 -2.52007903  2.85315726]
[-0.07573905  1.31362484 -1.30673298  1.39708628  3.76168788  2.4310871 ]
[-0.09955935  0.11528714  1.3577352  -0.03593568  3.75811914 -3.81146717]
[-0.22395713  1.19765658 -1.2422113   1.65851257 -2.53072302  2.68778661]
[-0.29355463  1.35698875 -1.49008311  1.8454268  -2.52429678 -3.47508115]
[-0.08768952  1.10928089 -0.72851169  1.03976912 -2.52338439  2.45142145]
[-0.10484124  0.30120439  0.72856276  0.41471772  3.75743656  2.48078169]
[-0.34407743  0.09625996  1.45170799  0.23381407 -2.51542837  2.89352134]
[-0.05555156  0.83662925 -0.38050055  0.92014245 -2.51786929  2.39699861]
[-0.1056019   0.09804949  1.31707441  0.03042777 -2.52584385 -3.80109687]
[-0.33267274  1.08796214 -1.04051393  1.71885083 -2.51773239 -3.40875529]
[-0.22297957  1.28485866 -1.09421093  1.42191533 -2.53076462 -3.59710144]
[-0.13300013  0.46162117  0.86873402  0.15382404 -2.52874307  2.52935686]
[-0.20839489  1.28966441 -1.26584716  1.56791493 -2.53122192  2.66065899]
[-0.11246852  0.18335391  0.95675356  0.31508823 -2.52666983 -3.78928696]
[-0.09515268  0.3354783   0.70964648  0.38580917 -2.52446412 -3.819012  ]
[-0.269173    1.3670211  -1.11843237  1.42955011 -2.5273214  -3.5169678 ]
[-0.11848214  0.58029332  0.79400973  0.08935981 -2.52733756  2.50426232]
[-0.20396782  0.29414535  1.12370841  0.16754636  3.75188311 -3.63025153]
[-2.99283846  2.92698632 -1.23377031  3.4669412   0.68893767 -4.20467143]
[-0.11643403  1.34795925 -1.21637975  1.3291942  -2.5271172  -3.78245701]
[-0.20362079  1.37613788 -1.44501542  1.65378424  3.75187975  2.65233002]
[-0.1525546   1.09700839 -1.07528758  1.49024168 -2.53016255  2.56330104]
[-0.18864955  0.45721932  0.89100612  0.21527203 -2.53135659 -3.65697956]
[-2.84189064  2.49851703 -0.33342034  3.14269408  0.7644606  -4.40178624]
[-2.87023429  2.4266891  -0.3501905   3.20622496  0.74885835 -4.3673149 ]
[-2.91063198  2.74281483 -0.89948579  3.40157089  0.7276877  -4.31618457]
[-0.13427555  0.53997955  0.70279638  0.24321281 -2.52885295  2.53156727]
[-0.13982842  0.14999996  1.02515355  0.31871319  3.75388605  2.54119537]
[-0.08538604  0.57487768  0.59562347  0.2468362  -2.5230356   2.44749338]
[-2.95405733  2.81157005 -0.99122816  3.38109931  0.70645178 -4.25853664]
[-0.07735709  0.16868985  1.21172362  0.02580076  3.76142073  2.43383414]
[-0.16168748  0.16937927  0.97994699  0.37565216  3.75254431  2.57919407]
[-2.83587827  2.51223976 -0.36497954  3.16569401  0.76784614 -4.40895206]
[-0.16347778  1.3010331  -1.26478428  1.49128323 -2.53072085 -3.70087327]
[-0.10346824  0.25923548  1.04467592  0.13864955  3.75761113 -3.80476078]
[-0.13654794  0.20233784  0.91294602  0.37392798  3.75414578  2.53550663]
[-0.27627214  0.20816752  1.30902867  0.17093637 -2.52652536  2.77845026]
[-0.19701775  0.35315347  1.04680468  0.1755066  -2.53136768 -3.64237678]
[-2.8861251   2.8008893  -0.85943144  3.32668832  0.74037517 -4.34748844]
[-0.25030268  1.24503675 -1.23843757  1.64485072 -2.52909279 -3.54960565]
[-0.14247823  1.30577303 -1.14699248  1.33884894 -2.52949784 -3.73739199]
[-0.18027261  1.34547676 -1.32914946  1.53519291  3.75194011 -3.67159519]
[-0.07801323  0.51345325  0.5148697   0.37879648 -2.52187434  2.43494696]
[-0.24123966  1.33356151 -1.17308663  1.47810298 -2.52976504 -3.5653338 ]
[-0.15095315  0.09905841  1.25111997  0.15950098  3.75311687  2.56051454]
[-0.13884253  0.25602416  1.27142028 -0.03497651 -2.52922329  2.53948564]
[-0.0897839   0.14705624  1.2549463   0.0214485   3.75949079  2.45499565]
[-0.18591338  0.30232262  1.08936937  0.16789305  3.75185351  2.62143122]
[-0.20183669  0.28838978  1.09527473  0.19869128 -2.53132843  2.64921725]
[-0.08674128  1.29915234 -1.27388896  1.39395615 -2.5232427  -3.83338168]
[-2.8209648   2.82099351 -0.79815782  3.30269967  0.77635142 -4.42651211]
[-2.82295823  2.57552991 -0.29157447  3.03991692  0.77520567 -4.42418261]
[-0.20315611  0.15547567  1.32115491  0.10761302  3.75187215  2.65152019]
[-2.87233208  2.82547792 -0.84678769  3.3021302   0.74772712 -4.3647181 ]
[ 0.02261842  1.14439491 -0.68892665  1.48167598  0.38831592 -1.27142576]
[-2.84710273  2.51318559 -0.55783069  3.34791538  0.76154788 -4.39553196]
[-0.23897566  0.36046529  1.09002655  0.18486653  3.75327007  2.71391834]
[-2.89409634  2.52813362 -0.47906416  3.21161289  0.73619584 -4.33740023]
[-3.04193136  2.89899284 -1.16591708  3.3715075   0.66890906 -4.13327829]
[-0.085564    0.2196204   1.288804   -0.09083894  3.76012192 -3.83538784]
[-2.88920389  2.63713406 -0.78204234  3.41018078  0.73875549 -4.34360171]
[-0.2050897   0.37410023  1.09348769  0.11942766  3.75189894  2.65489987]
[-2.86787813  2.4241112  -0.50641183  3.3671614   0.75013023 -4.37023114]
[-0.25975557  1.34806221 -1.48989718  1.80667547 -2.52826838  2.74994988]
[-0.1501135   0.541723    0.85232677  0.11443576 -2.53001696  2.5590551 ]
[-0.09630949  1.00015587 -0.55648093  0.98887311 -2.52462382  2.46615239]
[-2.81566302  2.65252465 -0.51061723  3.18802646  0.77941128 -4.43268439]
[-0.13933333  0.4075273   0.85177711  0.23385916  3.75392393 -3.74284911]
[-0.06669244  1.14833223 -0.99339737  1.23658362 -2.51994017  2.41576862]
[-0.15282187  1.19705144 -1.16013013  1.47542098  3.753007   -3.71942008]
[-0.20281979  0.14410178  1.34597578  0.09368327 -2.53131759 -3.63225326]
[-0.20850519  1.23755852 -1.17509365  1.52942477 -2.53122013  2.66085102]
[-0.28574587  0.01377246  1.50963072  0.17801997 -2.52535381 -3.48845571]
[-2.94829086  2.82820494 -0.81187848  3.19105384  0.70917592 -4.26635352]
[-2.82797824  2.70853958 -0.82091685  3.43203544  0.77233047 -4.41829141]
[-0.23249269  0.2778696   1.14948635  0.19877169 -2.5303035  -3.58053988]
[-2.94074602  2.73389305 -0.95661864  3.4377991   0.71278548 -4.27650638]
[-0.08660411  0.62342259  0.63257965  0.16302705  3.75996444  2.44956997]
[-0.36949934 -0.02741501  1.58199505  0.26123872 -2.50968116 -3.3475723 ]
[ 3.63861493  1.76779689  1.32497054  1.58390248  2.62741811 -0.95157681]
[-0.07649216  0.20286224  1.25142952 -0.04927464 -2.5216249   2.43236401]
[-0.09728498  0.11758453  1.27668247  0.03964284 -2.52475863 -3.81536314]
[-0.39324413 -0.01904519  1.48516745  0.38083981  3.77962325 -3.30889135]
[-2.86894862  2.70572161 -0.58502207  3.16318681  0.74955323 -4.36890299]
[-0.09514942  0.37573915  1.02572231  0.02946577 -2.52446613  2.46416568]
[-0.10592102  0.31452931  0.98274727  0.14871987  3.75729899 -3.80055037]
[-0.08026169  0.58476509  0.54603003  0.27943543  3.76094494 -3.8444157 ]
[-0.07591091  0.47193283  0.77798398  0.15429921 -2.5215263   2.43137906]
[-0.07764787  0.42623221  0.57323188  0.40714861  3.76137176 -3.8488606 ]
[-0.09101557  1.31332961 -1.01461726  1.1264549  -2.52387432  2.45710082]
[0.13971043 0.332938   0.89173246 0.76228316 0.55796907 1.19323949]
[-0.09287239  0.45792322  0.64473181  0.32509782 -2.52414199 -3.82291285]
[-0.06870697  1.27712949 -1.25763577  1.37479394 -2.52029885 -3.86401086]
[ 3.57121848  2.97595171 -0.64867406  0.72975143 -4.03310495  1.26125532]
[-2.85090111  2.75603732 -0.65982581  3.20373967  0.7594371  -4.39095064]
[ 3.25129622  3.01508238 -0.74532072  1.48967586  0.77787997  0.03087039]
[-3.09040651  2.78865516 -0.68553897  2.94310182  0.65167908 -4.05939456]
[-0.06617906  0.25754596  1.07922889  0.05403839 -2.51984827 -3.86828415]
[-0.24330255  0.06387761  1.49250495  0.08512781 -2.52962515  2.72143388]
[-0.17413211  0.37318765  0.93418965  0.235368   -2.53109977 -3.6823042 ]
[-0.15576681  0.46301727  0.88698878  0.16653043 -2.53034692  2.56888721]
[-2.85241457  2.75616181 -1.03325112  2.26451859 -0.87906938  3.44101243]
[-0.10107647  0.15268447  1.02125257  0.26527279 -2.52526755  2.47431873]
[-2.99639202  2.77132653 -1.07526098  3.46019206  0.68740565 -4.19962287]
[-0.07279557  1.32839063 -1.2544449   1.32597124 -2.5210025  -3.85708939]
[-0.18607127  1.25280678 -1.05443994  1.36144383 -2.53133319  2.62170695]
[-0.17376427  0.08234024  1.3918872   0.0679883   3.75209418 -3.68294839]
[-0.33338462  0.16293652  0.97236922  0.63196409 -2.5175924  -3.40755946]
[-0.18204341  0.46746667  0.8665565   0.22002854 -2.5312771   2.61467935]
[-0.12070638  0.19444559  0.89075215  0.38160237 -2.52757148 -3.77508438]
[-0.07947332  1.25850642 -0.78082523  0.93145967 -2.52210785 -3.84575582]
[-0.06406011  0.61549429  0.37725411  0.39515566 -2.51946828  2.41132223]
[-0.07418749  0.40813737  0.70129679  0.29240261 -2.52123833 -3.8547298 ]
[-0.23533919  1.2131611  -1.24664686  1.66366777 -2.53013981 -3.57558879]
[-0.09654614  0.14899952  1.34234504 -0.0584662   3.75852949  2.46655759]
[-2.86909412  2.67792779 -0.7479808   3.35381184  0.74947377 -4.36872691]
[-2.9552445   2.82445507 -1.04999031  3.42574526  0.70589148 -4.2569193 ]
[-2.99156949  2.91497972 -1.26556884  3.51213399  0.68948803 -4.20646947]
[-0.05827536  0.41408619  0.65070336  0.31519937 -2.51839074 -3.88160744]
[-0.13837637  0.24456472  0.96069059  0.28654935 -2.52918928  2.53867571]
[-0.07520374  0.57281169  0.61303949  0.21738806  3.76177726  2.4301791 ]
[ 0.1607262   0.50161018 -0.20090572  2.64877138 -0.78250663 -0.81443145]
[-0.15762555  0.44942429  0.8731057   0.19665684 -2.53044255 -3.71106216]
[-2.82861329  2.47616517 -0.15937479  3.00233341  0.77197007 -4.41754487]
[-0.19661066  1.30960277 -1.23798377  1.50326363 -2.53136925  2.64009819]
[-2.80888509  2.62893366 -0.51899619  3.2255523   0.78335152 -4.44051233]
[-0.13808563  1.15759259 -1.01585086  1.34965145 -2.52916363  2.5381726 ]
[-2.85320832  2.76604209 -0.84056978  3.37245201  0.75816012 -4.38815763]
[-0.14286655  0.3295899   1.05551357  0.11308607  3.75365536  2.54647407]
[-0.1301455   1.35343056 -1.11499921  1.24171044 -2.52849317  2.52441885]
[-3.07970002  3.1471042  -1.20111052  1.18754628 -0.59091262 -4.79725032]
[-2.82922417  2.63360141 -0.39325941  3.07826601  0.77162191 -4.41682493]
[-0.11658288  1.28327124 -0.80213074  0.97984598 -2.5271316   2.50098695]
[-0.06952624  1.09000568 -0.88830912  1.19371765  3.76274569  2.42055996]
[-0.16192515  1.38683434 -1.38488443  1.52336938 -2.53065377 -3.7035754 ]
[-0.1548148   1.3138853  -1.05297554  1.25427112 -2.53029218 -3.71595357]
[-0.07251036  1.35421174 -1.1640827   1.20939393 -2.52095463 -3.85757339]
[-0.08186317  0.25081497  1.12305689  0.03857871  3.76069662 -3.84169125]
[-0.24063381  1.31709911 -1.11139125  1.43200862  3.75337972 -3.56638607]
[-0.24774912  1.37775534 -1.32114519  1.59121626 -2.52929385  2.72915136]
[ 3.54666106  1.79717398  1.36967592  0.51801137 -2.06111925 -1.84303793]
[-2.94523668  2.80356051 -0.99903667  3.40598215  0.7106308  -4.27047434]
[-0.17592381  0.30735577  1.13039809  0.10755413  3.75203572 -3.67917753]
[-2.94983129  2.88961679 -0.95908827  3.27527024  0.70844516 -4.2642702 ]
[-0.116448    0.36530767  0.73463459  0.36085275 -2.52711896  2.50075295]
[-0.20128326  0.19252914  1.33637796  0.05265655 -2.53133542 -3.63493435]
[-0.0881198   1.31505224 -1.06097606  1.16705988 -2.52344829  2.45215527]
[-0.1167875   0.2844918   0.9963426   0.18043746  3.7560298  -3.78184826]
[-0.24806223  1.33136267 -1.25482519  1.57173377 -2.52927026  2.72969483]
[-2.8855174   2.84739582 -1.07399266  3.49530353  0.74069692 -4.34825088]
[-2.80863441  2.61889869 -0.66178843  3.37858407  0.783498   -4.44080071]
[-0.0777173   1.09466287 -0.9842862   1.29633478 -2.52182309  2.43444551]
[-0.26510841  1.34358618 -1.48011969  1.80893812 -2.52774539  2.75920166]
[-0.17679079  0.14973924  1.05656091  0.34024374  3.75201621 -3.6776681 ]
[-0.06395577  0.35097361  0.63252299  0.40426637  3.76373781  2.41114776]
[-0.19568105  0.1554871   1.26548773  0.15257811 -2.53137562  2.63847556]
[-2.77908618  2.76503692 -1.02174983  3.6158732   0.80102838 -4.47421382]
[-0.33378836  1.29490359 -1.43359577  1.90651145 -2.51751406 -3.40688226]
[-0.3059743   1.36315715 -1.50021378  1.86666117 -2.52243972 -3.45388901]
[-0.12977259  0.57317975  0.70991767  0.19651538 -2.52845502 -3.75941336]
[-0.12304816  0.18632404  1.03261722  0.25116429 -2.52781071 -3.77104056]
[-2.85079553  2.77224166 -0.67453222  3.20233958  0.75949593 -4.3910815 ]
[-0.25399688  1.36027636 -1.47670519  1.77311622 -2.52878648  2.73998153]
[-0.0985691   0.27919033  0.72785381  0.42865972 -2.52493198 -3.8131638 ]
[-0.11857519  0.31306946  1.15649595 -0.00577227 -2.52735093  2.50442186]
[-0.101686    0.211566    0.86560383  0.36289526 -2.52534411  2.47536633]
[-0.12911301  1.28179812 -1.00652778  1.20340816 -2.52839544 -3.76055552]
[-0.30506102  1.32116365 -1.4350426   1.84221411 -2.52258015  2.82773882]
[-3.00692222  2.96094607 -1.31406667  3.49771033  0.6829388  -4.18455401]
[-0.14169234  1.33354508 -1.05364397  1.21661287 -2.52944037  2.54442979]
[-2.91557677  2.74631902 -0.9645818   3.45836116  0.72518755 -4.30976154]
[-0.30323904  0.02378698  1.5109781   0.19104263 -2.5228664   2.82463589]
[-0.07992311  0.40661804  0.95470229  0.0484433   3.76100413 -3.84499143]
[-0.06549402  1.25523165 -1.11656919  1.2512107  -2.51972488 -3.86944083]
[-0.23875203  0.0834739   1.36221728  0.1893494  -2.52992914 -3.56965472]
[-0.23480847  0.15372799  1.31208661  0.16361173 -2.53017085  2.70667362]
[-0.27310818  0.02266098  1.51131591  0.14970509  3.75629597  2.77300169]
[-2.79100257  2.55728263 -0.53837693  3.33093919  0.79389157 -4.46087804]
[-2.81089026  2.7517549  -0.72011568  3.30221298  0.78218303 -4.43820224]
[-0.07049729  1.13565416 -0.99603242  1.25712903  3.76257611  2.4222032 ]
[-0.10712146  1.26677544 -1.09906101  1.27996863 -2.52603215  2.48469923]
[-0.06253791  1.0696211  -0.598105    0.9143046  -2.51919178  2.40875794]
[-2.98798319  2.82565105 -0.99138156  3.33118361  0.69105162 -4.21153808]
[-0.06778125  0.72792351  0.2044042   0.46068765 -2.52013417 -3.86557562]
[-2.9620267   2.90153397 -1.22710698  3.51872555  0.70273565 -4.24765436]
[-0.1294537   0.20709698  1.26591516  0.00614772 -2.52842938  2.52321845]
[ 3.69541349  3.27187249 -1.28789362  0.60806943 -1.68605846  1.16429591]
[-0.10848778  0.30462631  1.18395574 -0.03898084  3.75698682  2.48704842]
[-0.20627103  0.119538    1.2847071   0.18445138  3.75192115 -3.62623097]
[-0.08335785  0.23933122  1.2516175  -0.07642533  3.7604622   2.44403854]
[-0.28989345  0.13284274  1.28872632  0.28565473 -2.52480631  2.80183893]
[-2.85003625  2.70847897 -0.72597471  3.31820474  0.75991661 -4.39199579]
[-2.76997656  2.60622306 -0.78364114  3.54356706  0.80654342 -4.48428413]
[-0.35250375  0.04044327  1.44029339  0.31240191  3.76956813  2.90754627]
[-0.20738781  0.36646054  1.05483342  0.16899868  3.75194279  2.65890234]
[-0.35495854  1.31884442 -1.4785581   1.95614647  3.7701141  -3.37156716]
[-0.16086441  1.35903678 -1.20803421  1.37280162 -2.53060282  2.57776087]
[-0.07091304  0.27836193  0.65730223  0.46165868  3.76250472  2.42290697]
[-2.97155358  2.76786103 -1.00041574  3.41565825  0.69837372 -4.23451275]
[-0.18843809  1.32418213 -1.32252815  1.56154093 -2.53135508 -3.65734875]
[-0.0955588   0.18476707  1.20673232  0.03999907 -2.52452256  2.46486612]
[-0.15153805  0.26901612  1.07184776  0.16965411 -2.53010239 -3.72164944]
[-2.83849186  2.77528909 -0.87333896  3.40876608  0.76637106 -4.40584331]
[-2.75548684  2.78134258 -1.02937999  3.62506905  0.81541781 -4.50008364]
[-0.11348592  0.15958951  1.34304766 -0.04601246 -2.52678802  2.49564847]
[-0.25653267  1.41363183 -1.49493497  1.74158271  3.75462178  2.74437294]
[-0.1620221   1.34222478 -0.96071885  1.1439497  -2.53065556 -3.70340833]
[-2.85870894  2.85854789 -1.07771831  3.51223388  0.75512966 -4.38147172]
[-0.1501738   1.26817535 -0.87642767  1.11682538  3.75316641  2.55916143]
[-0.21938052  0.39694458  1.05571008  0.15477148 -2.53090545 -3.60337209]
[-2.79495086  2.63078084 -0.69005257  3.40599009  0.7915442  -4.45642222]
[-0.23900436  1.39345291 -1.19981913  1.44175958 -2.52991949 -3.56922307]
[-0.09967664  0.24004709  1.06632084  0.13088535  3.75810529 -3.81126487]
[-0.14876898  1.3236793  -0.96925889  1.15215295 -2.52993004 -3.72646596]
[-0.40137742 -0.03874176  1.57809213  0.31812378 -2.50130291 -3.29579341]
[-0.23001435  1.30404819 -1.12864332  1.44719166  3.75274929  2.69833316]
[-2.85292389  2.80960546 -0.8586641   3.34724087  0.75831545 -4.38850942]
[-0.12136299  0.43728284  0.7055898   0.3248539  -2.52763966  2.50923438]
[-2.99682662  2.94819197 -1.28956554  3.49715292  0.68721911 -4.19900415]
[-0.16309709  0.1973051   1.22168284  0.10800256 -2.53070486 -3.70153485]
[-2.83265127  2.89403028 -1.08579124  3.5074689   0.76967306 -4.41278018]
[-0.11824085  0.20294446  0.99627332  0.26410433 -2.52731256 -3.77933988]
[-0.09426813  0.12058101  1.26131239  0.04780583 -2.52433897 -3.82052588]
[-0.13344038  0.33363124  1.11304655  0.03812631  3.7544031  -3.7530649 ]
[-0.06122494  1.03414446 -0.68888592  1.03876312 -2.51894457  2.40654334]
[-0.22844501  1.34155311 -1.17087801  1.44968374 -2.53051502  2.69560136]
[-0.09002694  0.35293686  0.65614354  0.41470889 -2.52373029  2.45541063]
[-0.06681942  0.61442852  0.36067746  0.41658681  3.76322316  2.41598308]
[-0.11511525  1.32178563 -1.25148721  1.38862054 -2.52696985 -3.78472864]
[-0.16216681  0.06581536  1.44645729  0.01338903 -2.53066267 -3.70315666]
[-0.09944984  0.49474168  0.88755002  0.05464477 -2.52504972 -3.81165329]
[-2.95071514  2.83026478 -1.02637286  3.40099742  0.70802691 -4.26307262]
[-0.22569671  0.13122042  1.39232901  0.09289027 -2.53064603 -3.59236892]
[-2.9777128   2.86894497 -1.21686471  3.52445669  0.69559819 -4.22594849]
[-0.10600323  1.30651205 -1.26607697  1.40568184 -2.52589761 -3.80040528]
[-0.12674114  0.21811397  1.09238171  0.16482806  3.7550128   2.51852724]
[ 0.04010288  0.36539955  0.89177218  0.43569122 -1.25891978 -2.31684002]
[-0.31768935  0.02932288  1.36189874  0.35455637  3.76269511 -3.43401386]
[-0.14000069  0.18116401  1.03346442  0.27948281  3.75387255  2.54149422]
[-0.10391351  0.21231605  0.90119936  0.32966785 -2.52563337  2.47918734]
[-0.28533649  1.4130278  -1.54274692  1.83056894 -2.52540752 -3.48915822]
[-0.31916413  0.10870146  1.37291572  0.26618983  3.76295269  2.85166662]
[-0.19571526  1.34381797 -1.06221995  1.29200209 -2.53137499  2.63853454]
[ 3.54670561  2.07428258  0.77438851  0.82297065 -1.67537602 -0.89697911]
[-0.19523881  0.08649213  1.46961315  0.01681548 -2.53137366 -3.64548111]
[-0.08955168  0.56420666  0.7094202   0.14949945 -2.52366259  2.45459764]
[-0.0977596   0.17609643  1.26565052 -0.00717327 -2.52482147 -3.81454944]
[-0.061696    0.21625769  0.84951956  0.3188878  -2.51903451  2.40733577]
[-2.88010244  2.69099272 -0.4116491   2.99436962  0.74356784 -4.35504391]
[-0.1405364   0.12837072  1.10799692  0.25851029 -2.52936812 -3.74075509]
[-0.22876651  0.06544378  1.37011816  0.1852537  -2.53050123 -3.58702549]
[-0.25450636  0.2681346   1.18328898  0.20598595  3.75444374  2.74086421]
[-0.14133969  0.54783749  0.74491186  0.20327085  3.75376732  2.54382364]
[-2.80985041  2.48754756 -0.59351522  3.4406701   0.78278871 -4.43940108]
[-0.07442989  0.22890735  1.01836134  0.15490251 -2.52127892 -3.85431876]
[-2.86878169  2.68475793 -0.56736423  3.16664341  0.74964343 -4.36910904]
[-2.9177914   2.78951583 -0.8608673   3.30928709  0.72407447 -4.3068727 ]
[-0.29201554  0.28180439  1.22939938  0.1989821   3.75867396  2.80547108]
[-0.06958447  0.67923037  0.27213587  0.44412659 -2.52045378  2.42065708]
[-0.15388651  1.36659011 -1.04640211  1.19367567 -2.53024499  2.5656218 ]
[-2.91904358  2.71887427 -0.63767641  3.15551193  0.72344681 -4.30523704]
[-0.11912006  0.29022523  1.1703924   0.003942   -2.52740752  2.50536058]
[-0.07502102  0.339264    0.93264339  0.13107831 -2.52137857 -3.85331724]
[-0.18970166  0.19577418  1.28200926  0.08721872 -2.53136315 -3.65514355]
[-0.07140509  1.22458827 -0.65765646  0.83106901  3.76242027 -3.85944496]
[-0.0727725   0.53340554  0.77049782  0.09598172  3.76218669 -3.85712856]
[-0.14536578  1.10269913 -1.03889416  1.43792817 -2.52970327  2.55080684]
[-2.83568514  2.69102858 -0.91171935  3.53381005  0.76795505  1.87400389]
[-0.14499111  1.16319226 -0.9395292   1.27753424 -2.52968021 -3.73303137]
[-0.30148927  0.08290442  1.4362439   0.20423045  3.76005301  2.82165464]
[-0.05924931  0.25164396  0.88586418  0.24381137  3.76460909  2.40321643]
[-0.15195492  0.10514794  1.27512872  0.13083152  3.75305794 -3.72092743]
[-2.79084035  2.64785701 -0.75507077  3.4571861   0.79398824 -4.46106028]
[-0.2538476   0.07722963  1.35072982  0.22851501 -2.52880091  2.73972167]
[-0.12339934  0.42318077  0.85078719  0.19663687 -2.52784651 -3.77043111]
[-2.93373241  2.72462955 -0.82561788  3.32313417  0.7161862  -4.28586814]
[-2.92294796  2.69363464 -0.79553325  3.33476971  0.72149865 -4.30011999]
[-0.11196902  0.25073435  1.00295723  0.20079996 -2.52661445  2.49303687]
[-2.93941751  2.92803888 -1.26271969  3.55109953  0.71342635 -4.27828509]
[-0.08206016  1.21525753 -0.88411482  1.08157833  3.76066392 -3.84135848]
[-0.09711495  0.1409896   1.19191387  0.10076955 -2.52473388 -3.81565357]
[-3.04006621  2.94603101 -1.22098795  3.38172189  0.66962343 -4.13605738]
[-0.12955275  0.46130156  0.97312413  0.04487421 -2.52843776  2.52338978]
[-0.07313881  0.2363446   0.90914967  0.25489864 -2.52107618 -3.85650394]
[-2.9440029   2.71726265 -0.8976744   3.39217598  0.71122088 -4.27213478]
[-0.17260266  1.17749204 -1.15448564  1.51755304 -2.53105525  2.59821372]
[-0.2571446   0.42903087  1.01960971  0.21251586 -2.52852293 -3.53774289]
[-2.96715766  2.77992528 -0.92967948  3.33751013  0.70037651 -4.24059239]
[-0.09677755  1.28366492 -0.80597593  0.95551278 -2.5246886   2.46695398]
[-2.85981798  2.77148985 -1.02479583  3.54538281  0.75452122 -4.38011761]