[0.         0.         0.         0.52359878 0.         1.04719755
 1.74532925]
[-0.08339379  1.7080733   3.09999981  1.20885773  0.60567271 -0.31724192
  5.77395326]
[-0.42194212  0.84914105 -2.20022018 -1.00643863  2.60033094 -0.80644658
 -3.46504879]
[ 3.01329734 -0.49757759 -2.96052946  1.32840665 -0.22422846 -1.03832174
  3.15981742]
[ 0.29960939  0.70203512 -0.31236277  1.076039    0.03489661 -0.97569343
  3.20838843]
[ 2.94579362 -1.38772219  2.79342084 -0.85931114 -2.72942885 -0.1826789
 -6.27936023]
[ 0.53673344  0.84949345 -0.95381523  0.99621418  0.25864802 -0.87555601
  3.55521734]
[ 0.52636489  0.69958374 -1.12315049  1.21512464 -3.1         0.99043048
  0.70908052]
[ 3.04727855 -0.50873469 -3.1         1.39253281 -0.23074294 -1.13688474
  3.25477892]
[ 3.05094519 -0.59766021 -3.1         1.29594173 -0.23279032 -1.12882074
  3.25388261]
[ 2.84205534 -0.5845875  -2.77166251  1.39186889 -0.31332863 -1.15191496
  3.10343013]
[ 2.31484617 -0.52380609 -2.05052069  1.65388897 -0.36985801 -1.09464847
  2.82101902]
[-0.34103512  0.54551117 -2.66252411 -1.14696344 -0.35856007  0.85553065
  6.28      ]
[ 2.45886872 -0.92720709  1.3459715  -1.35772291  2.57917016 -0.88960034
 -3.78640643]
[-2.99656976 -0.41321373  2.83763363  1.46321547  2.9644851   1.12360114
  0.24700387]
[ 2.9937071  -1.50622368  2.8486353  -1.00358635 -2.90474354 -0.22686214
 -6.2051291 ]
[-0.15887993  0.64792599 -2.72172099 -1.13937473 -0.24456856  0.94815558
  6.10556141]
[ 0.6299048   0.7079211  -1.06789335  1.29169707  0.12287667 -1.0225517
  3.68829124]
[ 2.44637608 -1.18650329 -1.4041889   1.42128615 -0.60330336 -0.75555699
  2.07751598]
[ 2.69395497 -0.99765242 -1.83815112  1.16030691 -0.54957    -0.85265551
  2.40210974]
[ 2.27527528 -0.54265859 -1.97532826  1.63337482 -0.37681069 -1.0505004
  2.78830361]
[ 2.85678016 -0.44963003 -2.77928034  1.33786766  2.86120323  0.97748622
 -6.27999973]
[ 2.80893203 -0.45794807 -2.6035756   1.45805333 -0.23121386 -1.06012781
  2.96541371]
[ 3.04208274 -0.52289946 -3.1         1.29837525 -0.2449869  -1.06022329
  3.28154594]
[ 2.83782584 -0.88306376 -2.21410169  1.07056467 -0.43563224 -0.91348422
  2.64261372]
[ 3.1        -1.73237431 -0.09791643  1.52469602  0.19222649 -0.56635326
 -0.08907098]
[ 2.60726959 -0.9549476  -1.74941749  1.276593   -0.48845938 -0.86152286
  2.32451938]
[ 2.73491769 -0.87127638 -2.0964053   1.01464212  2.62017272  0.78672697
 -0.45311078]
[ 2.70146689 -0.67496464 -2.3950972   1.07766881 -0.45403482 -0.81472942
  2.99639574]
[-2.64232898 -1.21160275  1.29950745  1.01469054  0.53334203 -0.75983667
  4.31607164]
[-3.09999965 -1.67499597  0.11392506  1.45225867 -2.76181384  0.6066039
 -3.57428927]
[ 3.84419168e-01  4.34064381e-01 -3.28734380e-01  1.61431325e+00
  2.13541373e-03 -1.24599133e+00  3.16402715e+00]
[ 3.05087086 -0.49475901 -3.1         1.31286988 -0.23868644 -1.04505537
  3.27537853]
[ 0.48087824  0.51066216 -0.5395565   1.47858662  0.03036404 -1.15939323
  3.29431263]
[-0.32641977  0.96829638  1.56759747  0.5078017  -1.11125358 -0.26645344
 -3.47312984]
[ 3.07764571 -1.65492696 -3.06423817 -1.14128059 -1.19539162 -1.03939318
  0.56991048]
[ 2.60728903 -0.84367391 -1.94351201  1.37639931 -0.42348068 -0.99511135
  2.46823831]
[-2.7234128  -0.62537229  2.23144253  1.15606083  3.1         0.94907942
  0.61058098]
[ 3.09944388 -0.59366306 -3.08113382  1.25471858  2.94508926  1.07227261
 -6.2310443 ]
[ 2.44361718 -0.67346835 -1.92311511  1.52965999 -0.34638414 -1.01490309
  2.56588793]
[ 0.73015985  0.84764905 -1.29463524  1.32944025  0.24552504 -1.02754697
  3.81944897]
[ 0.44714465  0.69163103 -0.60964982  1.26424674  0.09462895 -1.10280216
  3.37830821]
[ 0.42883223  0.5398102  -0.44865897  1.39690498  0.03628628 -1.11724882
  3.24402295]
[ 0.25695227  0.70661842  2.54702171 -0.68571347  3.1        -0.60106583
 -2.7097369 ]
[-0.38361492  1.56800893 -0.49875154 -1.3714409  -3.1        -0.42992196
 -5.72628147]
[ 0.59877973  0.88179955 -1.16611692  1.04671185  0.28951626 -0.86704546
  3.71483828]
[ 0.58276663  0.69556487 -1.04415059  1.22723331  0.09268579 -0.97664913
  3.70576706]
[ 0.51673658  0.81350524 -0.97096768  1.15948246  0.1833905  -1.01684238
  3.65108839]
[-0.19878376  1.43849967 -0.29011571 -0.96626519 -2.72471583 -0.25069377
  6.23549386]
[-2.96600573 -0.74463382 -0.49161739 -0.59622597  3.05331263 -0.57183535
 -2.71321912]
[ 2.26678696 -1.09238082 -1.36261392  1.69026903 -0.44675404 -0.88030041
  2.02891016]
[ 2.48300206 -1.17703712 -1.33123109  1.42976942 -0.51026426 -0.74694845
  1.93640716]
[ 2.9885295  -0.71454564 -2.85130502  0.96912641  2.83093543  0.87823431
 -6.28      ]
[ 0.49732163  0.57884347 -0.63952644  1.42556321  0.05020259 -1.15513896
  3.38146802]
[-0.47890624  1.144181   -1.32479767 -0.91438996 -0.78328113  0.42533269
 -0.92728923]
[ 2.39058571 -1.36508856 -1.03791392  1.61053377 -0.37560531 -0.6591822
  1.5587845 ]
[ 2.76958962 -0.45190859 -2.64143881  1.4832386  -0.2731338  -1.08960466
  3.04371777]
[ 0.64593012  0.77656015 -1.20311128  1.27429247  0.16101711 -1.01022734
  3.8041713 ]
[ 0.27269616  1.38887559 -2.37925288  0.94476822  0.7164604  -0.58137316
  4.79011569]
[ 0.40380128  0.53829178 -0.48625364  1.34324809  0.00536676 -1.06676939
  3.3108035 ]
[ 0.5293528   0.80325259 -0.98909625  1.14763016  0.18069758 -0.99030842
  3.6573621 ]
[ 1.11499293 -0.23985546 -0.9221453   1.61250833  0.75255238  0.25393342
 -0.51149255]
[ 2.48007544 -0.99759494 -1.61713756  1.42856257 -0.49862074 -0.88469041
  2.23757384]
[ 0.26514587  1.6002471  -2.66985715  1.42156655  0.47348886 -0.71451309
 -0.90439309]
[ 0.44199917  0.64940094 -0.58339354  1.29446948  0.07002054 -1.10102324
  3.36273586]
[ 3.1        -0.79130553 -2.97058407  0.40137274 -0.45654354 -0.42644808
  3.40537305]
[-0.20985701  0.90072845 -1.9450687  -0.52150948 -0.72276415  0.38246698
 -0.42033519]
[ 2.26801684 -1.15915946 -1.28905532  1.72074723 -0.43303915 -0.8591819
  1.92310774]
[ 2.626231   -0.81428885  1.2739565  -1.12742507  2.70732985 -0.73273508
  2.48919478]
[ 2.34135388 -0.54114091 -2.07576405  1.60601787 -0.38526148 -1.06947665
  2.83459589]
[-0.13524708  0.7227647   0.20854565  0.93147788 -0.31021499 -0.86805546
  3.21776784]
[ 0.75220137  0.05699464 -0.57773299  1.68093373 -0.77796739 -0.592974
  0.02731723]
[-0.2763514   1.24221669 -0.67804104 -0.6344158  -0.85976727  0.03765982
  4.77361039]
[ 2.6801696  -0.99703104  1.43269156 -0.86647788 -0.73700447  0.54624515
 -0.58368765]
[ 2.6523236  -0.51906397 -2.5270772   1.51197564 -0.34505083 -1.14222008
  3.01971348]
[ 0.42607706  0.70942526 -0.55323556  1.22439311  0.10036871 -1.08902811
  3.33423483]
[ 2.42435678 -0.88440635 -1.64785477  1.51715224 -0.40682954 -0.94043773
  2.27694452]
[ 0.51329573  0.5129347  -0.65923876  1.47968404  0.01355669 -1.15142893
  3.39220047]
[ 0.1419102   0.60442032 -0.18210825  1.27239409 -0.09651863 -1.10203677
  3.25107666]
[-0.70549221  0.73891473 -1.89495274 -1.28249619 -0.47677288  0.799258
 -0.47282707]
[ 0.42480812  0.52866386 -0.4252199   1.47984213  0.03434987 -1.19156974
  3.22617285]
[ 2.78306554 -0.77635036 -2.3365567   0.9335164  -1.36825331 -1.32631484
 -0.56911023]
[ 0.4621576   0.55376546  2.37175514 -1.32056541 -0.03143433  1.04161221
  0.42164105]
[-0.13098923  0.7407539   0.26194734  1.03832535 -0.28128399 -0.97419006
  3.11634524]
[ 2.53328235 -0.98150459 -1.68006924  1.36552858 -0.50295426 -0.88152141
  2.28382547]
[ 0.46487018  0.51560763 -0.56454211  1.42173639  0.01322931 -1.11003364
  3.33632123]
[ 2.25239441 -1.12633444 -1.30283001  1.73878076 -0.41630158 -0.88181972
  1.94648749]
[ 2.99801384 -0.45857368 -2.92725604  1.4405483  -0.20825087 -1.10497079
  3.12040626]
[ 0.47177099  1.02350388  1.79458645 -1.1318739   0.32801245  1.03058104
 -5.41703631]
[ 0.19998179  1.37218128 -2.59482783  0.79312743 -2.31116603  0.41285179
  1.72799201]
[ 1.16513254  0.51165692 -1.78124038  1.55421576 -0.74916929 -1.10380586
  0.55352422]
[-3.09999999 -1.64741385 -3.01327063 -1.06683668 -2.33329098 -0.3090171
  5.37118451]
[-0.18750217  1.6273732   2.76666266  1.1571577   3.09999997  0.24584866
  3.54354531]
[ 3.0999969  -0.58004689  3.09719106  1.08574251 -0.2425046  -0.91476841
 -2.93021838]
[ 2.90385092 -1.2476174  -0.55496478  0.70519989  0.18620589 -0.11359839
  0.45726367]
[ 0.36639671  0.63329801 -0.38776175  1.2244535   0.04721498 -1.04471274
  3.22905807]
[-0.29374929  0.60343476  0.4289294   1.04728926 -0.37619338 -0.82529869
 -3.11430996]
[ 2.26615775 -1.14227874 -1.2595009   1.69734433 -0.3984814  -0.83021222
  1.90186846]
[ 2.97378542 -1.50353969 -0.25555932  1.08015867  0.30804384 -0.309036
 -6.28      ]
[ 0.17264924  0.7716867  -0.48235909  1.08498768  3.1         1.0837468
  0.3665528 ]
[ 2.40127562 -1.29299079 -1.17301356  1.56011711 -0.47181464 -0.70629753
  1.75719328]
[-0.22310735  1.59651188  2.74865607  1.00312659 -3.1         0.10712193
  3.50707915]
[ 0.23114456  0.75551007 -0.18507386  0.94046243  0.00398003 -0.90415451
  3.14739878]
[ 2.53968518 -1.23439452 -1.1236682   1.40754559  2.75830658  0.66128045
 -1.50966463]
[ 2.57548563 -0.46614692 -2.37779303  1.53264059 -0.31183894 -1.07487261
  2.94893945]
[ 0.50193384  0.59113066 -0.63688811  1.43277319  0.06152634 -1.17110239
  3.37399432]
[-0.45699742  0.90557572  1.07568033  1.04481676 -0.57809468 -0.81142431
 -3.57274943]
[ 0.48349701  0.51709009 -0.54128169  1.4889155   0.03489881 -1.17458856
  3.29382851]
[ 3.06951219 -0.49622207 -3.1         1.38638479 -0.2152845  -1.11444013
  3.2363462 ]
[ 0.44272747  0.71385522 -0.60268375  1.23915963  0.10691671 -1.0983076
  3.37030875]
[ 0.10115295  1.08947929 -2.38241978  0.39057477 -2.25596858  0.34791071
  1.45180922]
[ 0.45400939  0.47678872 -0.46519265  1.55642152  0.01951506 -1.21487119
  3.24278099]
[-2.52691727 -0.68849523 -1.03926959 -1.37621485 -3.04267382 -1.10671683
  3.68591552]
[ 0.45934187  0.83168453 -0.93576677  1.08122779  0.17549853 -0.98258614
  3.65291563]
[ 0.55266977  0.76271436 -1.01566819  1.27622591  0.14092817 -1.07909592
  3.69565556]
[-0.01192667  1.56523078  3.01617274  1.11589563 -2.91192823  0.325633
  3.00790577]
[-0.28148634  0.57562525 -2.69391182 -1.06665202  2.79571003 -0.81052872
 -3.15653873]
[ 0.58178758  0.50798503 -0.75295177  1.60085816  0.0231967  -1.24648684
  3.4297691 ]
[ 2.45721859 -0.81368608 -1.79283266  1.53199081 -0.3943851  -1.01360545
  2.39637255]
[ 2.47732461 -0.83633055  1.43873052 -1.18681599  2.66098001 -0.67654416
 -3.82049329]
[-3.1        -0.72555618 -0.30915472 -0.59601544  2.89642733 -0.59352358
  3.61500195]
[-0.12294269  1.24987378  2.65032015  0.65223413  3.08864218  0.11242855
 -2.58227123]
[-0.56067497  1.03328192  1.56410358  1.10720793 -0.61887218 -0.64399327
 -3.96272642]
[ 0.50350929  0.5089174  -0.58871593  1.50065321  0.02868551 -1.17322768
  3.32591066]
[ 3.07774164 -0.53801077 -3.09989681  1.32216162 -0.21321849 -1.09103826
  3.23334547]
[ 2.48012749 -1.24279794 -1.31213414  1.44992755 -0.56539092 -0.74313574
  1.92312384]
[-2.80663743 -0.95512025 -1.585245   -0.68746217  0.28844373  0.62021443
  1.11270237]
[ 2.76746753 -0.50469971 -2.48999779  1.41812701 -0.24505525 -1.03187978
  2.8894628 ]
[ 0.45686065  0.48302594 -0.56409125  0.99178874 -2.27698607  0.28566338
  1.4596977 ]
[ 2.72658471 -0.57130296 -2.51954206  1.20743658 -0.37038758 -0.89338407
  3.04132867]
[ 3.01671932 -1.59590099  2.98013206 -1.02631268  0.61492282  0.20907993
  2.72442265]
[ 3.1        -0.22605586 -2.64162151  1.46205642 -2.35003079  0.79204861
  1.11602994]
[ 0.53721448  0.48126794 -0.64267187  1.5600935   0.0166743  -1.20027939
  3.35288303]
[ 0.41163041  0.55971031 -0.45577937  1.33446646  0.03114333 -1.07594644
  3.26630751]
[ 0.31405201  0.69904558 -0.607447    1.06859865  0.00678054 -0.95618966
 -2.77592557]
[ 0.29333718  0.70407588 -0.29595641  1.06615683  0.03250877 -0.96926727
  3.19766358]
[ 2.66258169 -0.72196478 -2.1108      1.35581957 -0.34280617 -0.99600413
  2.59552066]
[ 0.5223643   0.90457341 -1.03262677  0.98093674  0.2942466  -0.88467979
  3.62789661]
[ 2.40598298 -1.2331047  -1.307984    1.52631641 -0.54620806 -0.76198107
  1.93655926]
[ 2.28314655 -1.12995432 -1.34246225  1.69804989 -0.45399763 -0.87889498
  1.98351132]
[ 2.72314915 -0.43399416 -2.52949473  1.51325087 -0.2495167  -1.07584263
  2.96671215]
[-0.29861912  1.259608    2.52174014  0.79357918 -3.1         0.15682114
  3.83524271]
[ 0.55575085  0.20900686 -0.82377258  1.25761141 -1.03527575 -0.40131675
  4.80977665]
[ 0.41159642  0.79226357  2.31616206 -1.17930075 -3.02720186 -1.08804069
 -2.66840039]
[ 0.5250119   0.49330011 -0.63662371  1.52175993  0.01771139 -1.17493398
  3.35743206]
[ 2.55063238 -0.90988209 -1.83038115  1.24351581 -0.53474759 -0.83372736
  2.49644588]
[ 0.38646669  0.65910412 -0.45449853  1.21991661  0.0613453  -1.05658463
  3.27628901]
[ 0.55840818  0.79689323 -1.01051888  1.1481486   0.18999731 -0.97045775
  3.65122794]
[ 2.62976911 -0.52235497 -2.47417756  1.45110946 -0.3549344  -1.0701706
  3.01076531]
[ 0.20251035  0.26220947  0.51863017  1.02265366 -0.98904031  0.86146031
  2.04544626]
[ 0.45377863  0.77995796 -0.92642211  1.04357528  0.12984114 -0.9155209
  3.66083903]
[ 3.03911396 -0.72878695 -2.97232066  1.02459356 -0.26351023 -0.9672298
 -3.10098992]
[-2.24874563 -1.4350563   1.28227208  1.23182061  1.4765067  -1.3156925
  1.29544864]
[-3.1        -0.82464524  2.69301591  0.3464386   2.92248271  0.44758041
  0.60569715]
[ 0.2867365   0.76534357 -0.22175782  1.04183537  0.05054661 -1.00804395
  3.12067433]
[ 0.43319386  0.50730157 -0.42571855  1.4741202   0.0316717  -1.16490231
  3.21840992]
[ 0.55802462  0.89401562  1.72748036 -1.17779798  0.2006869   0.96814122
 -5.36099492]
[ 0.41468071  0.49362833 -0.41258363  1.39572879  0.01717843 -1.07753554
  3.2215174 ]
[ 0.4186476   0.65275575 -0.52212978  1.26334855  0.06828466 -1.0828525
  3.31848165]
[-2.46825689 -0.89616152 -1.55847433 -1.4491336  -2.97029204 -1.13449106
 -2.10452433]
[ 2.50681258 -1.32937317 -0.7242746   1.4655359  -3.1         0.56732115
  4.12703191]
[ 0.57043023  0.53715209 -0.74975258  1.58386069  0.03641545 -1.25447072
  3.43737649]
[-2.64127549 -1.42110917 -2.2918436  -1.35436038  0.45398764  0.80121469
  1.76441154]
[ 2.34274166 -0.92458576 -1.5574551   1.60902463 -0.41478804 -0.951227
  2.21794048]
[ 2.74044836 -1.34566532 -0.82457594  1.022528   -0.45779961 -0.29543085
  1.36412748]
[-0.13936058  0.75126008 -2.58132164 -0.59791752 -0.44674335  0.49898488
 -0.08664288]
[ 2.6312773  -0.90531691 -1.72105318  1.10703331  2.66408724  0.69362001
 -0.78662443]
[-0.34265008  1.44269402 -0.85364259 -1.03478215  2.39444096 -0.32907072
 -4.70459375]
[ 0.49090949  0.8479306  -0.94691261  1.09877826  0.20755043 -0.99460237
  3.62975954]
[ 3.1        -0.53801327 -3.07247317  1.24224634 -0.19782839 -1.0036639
  3.19793536]
[-0.13215769  1.6276717   2.847355    1.32583821  0.04369508 -0.43293651
 -6.05033693]
[ 0.20676138  0.25368094 -0.17474173  1.31489969  0.37036966 -0.22116702
 -0.57543393]
[ 3.07613379 -0.55775209 -3.09941818  1.23131493 -0.22401144 -1.02185465
  3.25256819]
[-3.1        -0.7052171  -0.22467683 -0.76726864  2.93266448 -0.73034543
  3.48173522]
[-0.15752629  1.67124927  2.87448787  1.12256596  0.26577043 -0.187116
 -6.28      ]
[ 0.39352592  0.47487318 -0.34395936  1.52751666  0.01699139 -1.19632884
  3.17100667]
[-0.11959978  0.44885317  0.21663296  1.0040773  -0.57020354 -0.19785153
  4.02371768]
[-0.34229865  1.65841554 -0.39637772 -1.47317458  0.12551692  0.47527707
  3.50473698]
[ 3.1        -0.62500324  3.092254    0.85295334  2.85553962  0.73405607
 -6.0012881 ]
[-2.69876546 -1.36855674  0.99559883  1.20865191  0.54851111 -0.8025133
 -1.57920536]
[ 0.57456302  0.79044913 -0.99946149  1.18054405  0.19305275 -0.99328744
  3.6310022 ]
[ 2.89385679 -0.75213191 -2.65645813  1.04124848  2.77294676  0.93435693
 -0.11083719]
[-2.73438193 -0.76166791 -0.73283014 -1.01156983 -3.03182709 -0.90952461
  3.50872116]
[ 3.1        -0.69147628 -2.96187764  0.84115749  2.8955668   0.74256797
 -6.26464434]
[ 0.56598001  0.89996351 -1.16074402  1.04793761  0.28750792 -0.89475298
  3.73891464]
[ 2.48152663 -1.20312432 -1.36282385  1.41315542 -0.57651211 -0.74500431
  1.99927373]
[ 2.50503817 -0.98983253 -1.68840406  1.4061573  -0.52002081 -0.90986784
  2.30096525]
[ 0.51101907  0.47683597 -0.58344582  1.53676229  0.01784065 -1.18089397
  3.31407698]
[ 2.92939243 -1.31115225  0.0428881   1.05652519  1.54011393 -1.47294709
 -2.97535999]
[ 0.43176795  0.88795765 -0.89433238  1.04191256  0.21351857 -1.00088108
  3.61341188]
[ 2.55736954 -0.8531892  -1.85016354  1.14466277 -0.52668178 -0.73661874
  2.56680088]
[-0.57168692  1.08034878  1.61362354  1.03313685 -0.73968429 -0.56805875
  2.39151398]
[ 2.8116625  -1.56208897 -0.50498754  1.15440627  3.08377862  0.24401979
 -2.52256678]
[ 4.34061468e-01  5.03658415e-01 -5.17993172e-01  1.39493576e+00
 -2.41822932e-04 -1.08083902e+00  3.31775124e+00]
[ 0.036825    1.56582992  0.15217791 -1.24080634  0.47932789  0.52787675
  2.56959046]
[ 0.4348855   0.49680992 -0.43379628  1.52180028  0.02529961 -1.20249153
  3.22696069]
[ 2.90001964 -1.30345805 -0.44222258  0.7754363   0.45713906 -0.1508878
 -6.19822085]
[-2.46396228 -1.07607371  1.43789046  1.30131996  0.34054374 -0.95182313
 -2.0345568 ]
[-3.1        -1.44760491  0.14318503  0.8104676   0.91865629 -0.26792037
 -1.05890968]
[ 2.71562988 -0.7121427  -2.22551873  1.05755935 -0.42178059 -0.76251068
  2.80069226]
[ 2.41416503 -1.21363725 -1.3160333   1.46290455 -0.56199784 -0.72069832
  1.98128285]
[ 3.1        -0.56037437  0.17795739 -1.253927   -0.16799272  1.01837756
 -0.06970624]
[ 3.1        -0.4452521  -3.07391049  1.46849596 -0.17763653 -1.13503401
  3.16954309]
[-2.89758465 -1.28092823 -2.44097279 -0.82087428 -2.50568874 -0.5084955
 -1.39456458]
[ 0.44017992  0.60744584 -0.53020651  1.3326668   0.05664448 -1.10694017
  3.31362906]
[ 2.48655841 -1.00857798 -1.62646118  1.42111049 -0.51415718 -0.88699524
  2.2467574 ]
[-2.67938717 -1.19274513  1.48558202  1.01004485  0.53030577 -0.85917805
  4.17257562]
[ 0.0998109   0.62920675 -0.31467809  1.19746763 -0.1456762  -1.07731492
  3.44014932]
[ 2.81804287 -0.51890189 -2.73314374  1.38761126 -0.30450249 -1.0792873
  3.105677  ]
[-0.43610461  0.41870739  0.54396207  1.30807419  2.81175034  0.88638761
  6.28      ]
[ 2.90304985 -0.57758627 -2.82884486  1.37689956 -0.28015754 -1.14195437
  3.10654535]
[ 3.1        -0.61803133 -3.04279436  0.94860619  2.90547354  0.78976017
 -6.19715069]
[ 0.41138056  0.72036234 -0.56930569  1.19080076  0.09482213 -1.0673527
  3.36173445]
[-2.5563827  -0.71761672  1.84955061  1.24110136 -3.1         0.98252516
  0.83675219]
[-0.73185873  1.26065148 -1.08929864 -1.42744857 -0.40932049  0.56791985
 -1.43817018]
[ 0.50196709  0.51083943 -0.58104689  1.5402825   0.03081349 -1.21504785
  3.32043478]
[ 0.33377328  1.34933178  0.77908689 -0.98064481  0.60162585  0.58910444
  1.69704081]