[0.         0.         0.         0.52359878 0.         1.04719755
 1.74532925]
[ 2.92423544 -0.8624435   0.25504101 -0.65265127  2.31597659 -1.4173222
 -0.68568794]
[ 0.02637277  0.96192921 -0.73194325  0.47048289  3.1         1.41911273
  2.73750544]
[ 2.75065891 -0.969483    0.96586441 -0.667985    1.76009675 -1.22463084
 -0.81244559]
[ 2.47643814 -1.0678552  -0.74285095  0.95218173  2.35913263 -0.84581582
 -3.15907897]
[ 0.1531433   1.08820313 -1.20469827  0.58516768 -2.7565086   1.5015846
  2.81326993]
[-0.06531809  1.03713434 -0.69023481  0.19585534  3.1         1.25238317
  2.75643261]
[ 3.02769048 -0.67604621 -3.1         0.76867719 -0.78720942 -1.5107943
  1.14788091]
[-2.06541097 -0.5452958   2.08736447  1.27131458  0.91801168 -1.08041993
  3.09587505]
[-3.1        -0.94625107 -0.57125797 -0.63530742  2.96440237 -1.55290821
  5.77427075]
[ 0.00745409  0.17665435 -0.0525714   1.11729482  1.88054016  0.5806756
  1.83807259]
[-0.04231478  0.97820821 -0.40031939  0.43677969  2.83404344  1.41362838
  2.64321899]
[ 3.05076512 -0.86707127  2.26308517 -0.7754762  -2.69056394 -1.37418184
 -5.3202368 ]
[-0.03578501  0.25180498 -0.11387842  1.20312122  2.0638886   0.73281945
  1.65627897]
[-0.29285314  0.25242834  0.66962306  1.39563368  0.46852484 -0.66667692
  2.76363358]
[ 0.27633371  0.32597163 -0.22895458  0.75014803 -0.15549091  0.30742359
  4.6353432 ]
[ 7.62092620e-05  9.96442646e-01 -7.13157992e-01  3.93105684e-01
  3.10000000e+00  1.38177275e+00  2.73138213e+00]
[ 3.05329801 -1.44514261 -3.06495158 -0.61236623 -0.90869843 -0.95766725
  6.13021536]
[ 0.16856041  0.09598478  0.05760176  1.06033329 -0.76192356  0.28408869
  5.11780557]
[-0.90487969  0.97254354  2.07621068  1.4323133   0.91470764 -0.27278578
 -4.77920577]
[-0.10996468  1.08211851 -0.67031662  0.08069039  3.1         1.19681711
  2.76126127]
[ 0.01358959  0.99992001 -0.71323228  0.40434633  3.1         1.38767148
  2.71806738]
[-0.21357136  0.85751964  0.2629766   0.65435965  2.31091885  1.40873182
 -3.83209912]
[-2.21374406 -0.52517449  1.91103207  1.47770194  0.23668891 -1.19297971
  1.71528214]
[-0.02050779  0.22178646 -0.13292245  1.1188865   1.9425329   0.68827021
  1.81821501]
[-0.01182436  0.91284277 -0.35555225  0.56067726  2.78469255  1.45521421
  2.59784533]
[ 0.06841151  0.93647629 -0.60956718  0.63683229  2.98980854  1.53502806
  2.63894866]
[ 0.02821699  1.39881507  0.53871679 -0.64082017 -1.43292316 -1.10735003
 -0.03287846]
[ 0.21284811  0.35534812  0.84778783  1.03539459 -2.00777883  1.32646116
  4.67779287]
[ 0.04800103  0.94679463 -0.74194846  0.55120336  3.1         1.47655391
  2.73130959]
[ 0.32663249  0.81483831 -0.98118481  1.02824613 -0.06257401 -1.85416699
  1.35090346]
[-0.02853429  0.94860762 -0.42948282  0.51709673  2.8527215   1.46342687
  2.63957194]
[ 0.00883482  0.90021414 -0.429707    0.63132267  2.84059192  1.51351958
  2.6054748 ]
[ 2.78677778 -0.7224001  -2.30873767  0.56752607 -1.74833168 -1.25851571
  0.83485946]
[-2.89252845 -1.06857725 -1.34926773 -0.74862567 -2.67884117 -1.54813832
  6.03829334]
[-1.44324684  0.12060459  1.91161397  1.40923154  1.410526   -0.4128707
  2.81041386]
[ 3.0247354  -1.51354392 -3.09994961 -0.74570435  2.24332423  0.91764849
  3.05486205]
[ 0.11493467  0.22788538  0.08580311  1.01797587 -0.95480616  0.20272206
  5.31325386]
[ 2.8151806  -1.47195102  2.53991047 -0.80241657  3.09999999  0.74807069
 -3.5683508 ]
[ 0.01667255  0.9810973  -0.72175304  0.44753033  3.1         1.41547103
  2.72941455]
[ 0.03654184  0.96179298 -0.7329959   0.5314213   3.1         1.47400724
  2.72749228]
[ 0.00685702  0.97805597 -0.72189793  0.43976642  3.1         1.41121469
  2.73946759]
[ 2.52504827 -1.10521696 -0.66709886  0.90055203  2.14448359 -0.98377096
 -3.713846  ]
[-0.37642414  1.01140598 -1.72884257 -1.29300147  2.131066   -1.26827532
  5.52685996]
[-0.02538201  0.75935401 -0.94926422  0.45820055  2.89226378  1.58741484
 -0.49950333]
[-0.0260857   0.16799488  0.54844678  1.36590346  0.73807652 -0.7000772
  2.50119756]
[-3.09778619 -0.6096658   2.29888309  0.69501099 -0.88782833 -1.4995944
  2.37309583]
[-0.06153882  1.29659795  0.33537854 -0.38877562  1.99344515  1.06563999
  2.9530227 ]
[ 2.97304336 -0.38640906 -3.1         1.07225792 -0.83251835 -1.03931358
  1.72074847]
[-0.38812258  1.31290181  2.07012785  0.65631508 -2.55604447 -0.87937788
 -0.65996429]
[ 3.08243078 -0.79088674  2.79563584  0.45833798 -0.49369116 -1.44436161
 -4.89185442]
[ 2.42229184 -0.36114925 -2.01200113  0.83692915  0.43250821  0.74144482
 -0.3588209 ]
[ 2.72128909 -1.28233374  2.05335962 -0.65554689 -2.52879203  0.88086258
 -3.77288559]
[-0.28482251  1.40480676 -0.60404756 -0.63904961  3.09879127  0.83289883
  2.71704471]
[ 0.1054517   1.40187414  0.7133432  -0.71835968  1.50993517  1.17732959
  3.14477484]
[ 3.0717482  -0.46210827  2.60280364  0.60401155 -1.37057943 -1.49065845
 -4.28292221]
[ 0.00586124  0.92551389 -0.47111685  0.60228127  2.8799398   1.51341976
  2.62400752]
[ 0.13306226  0.93976749 -0.86544184  0.71395331 -3.09888938  1.5847213
  2.74036665]
[-1.4693582  -0.1628374   1.43462598  1.32448572  0.44242709  0.06609026
  4.15132219]
[ 0.15404725  0.78219173 -0.84204459  0.93875804 -0.14525072 -1.84678921
  1.3943281 ]
[-0.00471079  0.95622133 -0.41334795  0.53770126  2.84117709  1.47258858
  2.60203473]
[ 0.01758419  0.97282901 -0.72557741  0.46576921  3.1         1.42724176
  2.73484809]
[ 0.03868927  0.97218702 -0.72836394  0.5060664   3.1         1.45480625
  2.71815684]
[-1.31850416 -0.19295597  1.34430228  1.40744998  1.82027504 -0.03431238
  2.78697891]
[ 1.85188021e-03  9.13481218e-01 -4.81342072e-01  6.15144496e-01
  2.88486298e+00  1.52054114e+00  2.63671555e+00]
[-0.00920905  0.19490023 -0.06854117  1.24373876  2.06056832  0.6657189
  1.62976195]
[-0.14087381  0.16437252  0.68230812  1.04417598 -1.24376745  0.7793283
  4.4809754 ]
[-0.02229933  0.95453533 -0.34226519  0.50483884  2.78227836  1.4391411
  2.59417455]
[-0.29091896  1.450502    2.61048835  0.74196986 -0.1459734   0.77498447
 -3.51546908]
[-0.01692284  0.91993332 -0.41678619  0.56161498  2.83537316  1.47519575
  2.6283038 ]
[-0.01115449  0.96674823 -0.45068248  0.52420037  2.87435382  1.47684135
  2.62287577]
[ 0.26422842  0.46375427  0.19117496  1.13108935 -2.65425415  1.26999346
 -0.35551999]
[ 0.05954076  0.98347793 -0.67990893  0.57299352  3.06339852  1.5161155
  2.66574496]
[ 3.02819698 -0.67292574 -3.1         0.75287964 -0.78805771 -1.497036
  1.1608853 ]
[-0.34387313 -0.01088408  0.55348264  1.45102003  1.18368221 -0.19567539
  3.21397409]
[-2.23284835 -0.63385256  2.18303253  1.33517717  0.87219455 -1.17158188
  3.28448783]
[-1.58976481 -0.42258216  1.40465832  1.34235529 -2.19894586  0.13071302
  4.77296367]
[ 0.00678686  0.96980386 -0.54938023  0.54908636  2.95562791  1.504155
  2.65036806]
[ 0.00466826  0.94659122 -0.7365478   0.42578377  3.1         1.37610563
  2.7683147 ]
[-2.52321508 -0.93933235  1.86683017  0.95974342  0.83428008 -1.48115813
  1.21720612]
[-0.53028876  0.14094727  0.97767862  1.30878578  0.35639729 -0.38555372
 -0.06304519]
[-0.09146619  0.65639621 -0.19933414  0.68943359 -0.95922162 -1.60073622
 -5.47691508]
[ 0.25056055  1.30435379  1.11885066 -0.81727835  1.08308653  1.36493283
  3.13652172]
[-2.98727417 -1.31508889  0.95837745  0.65970166  1.27001293 -1.25690924
 -0.050661  ]
[ 2.32645496 -0.48521011 -2.23870011  0.94874144 -1.85618873 -1.13091551
  2.2004229 ]
[ 0.04459167  0.97982718 -0.72558686  0.47856344  3.1         1.42934316
  2.70856201]
[-0.37306971  0.76036668  1.41294235  1.35433533 -0.10164131 -1.50620177
  2.33393671]
[-0.56261697  0.5519249  -1.63086703 -1.00891611  1.22892113  0.63034713
 -0.76764965]
[-0.11268046  1.07940049 -0.67112949  0.06142407  3.1         1.17708258
  2.76614947]
[-1.74986963 -0.1422644   1.96136404  1.47157629  0.13009777 -0.47494268
  0.48348772]
[-0.00866446  0.95663887  2.7523271  -0.57100327 -0.31882549  1.50310472
 -3.7005175 ]
[ 0.00901609  0.3202034  -0.20885576  0.95157422  1.89440063  0.69042452
  1.93925899]
[ 0.01426267  0.97571608 -0.52871951  0.53227012  2.93986294  1.4856758
  2.63361978]
[ 2.77521721 -1.34926298 -0.93317722  0.67268054 -2.73078427 -0.84016337
  5.67815922]
[ 3.04837339 -0.84035561  3.1         0.7541256  -0.59916847 -1.52765597
  5.58934306]
[-0.0269701   0.95912988 -0.36899993  0.49556102  2.80502839  1.44112164
  2.61045479]
[-0.03501303  1.27473648 -3.07554068  0.54723977 -0.85276383  1.09208839
 -1.89009406]
[ 0.05868996  0.96184843 -0.63498084  0.59747043  3.01945488  1.52254444
  2.65194749]
[ 3.06528209 -1.32562457 -2.92683021 -0.50755958 -1.06817905 -0.99264341
 -0.10780282]
[ 0.24141186  0.1631873  -0.08796973  1.02817437 -0.62971857  0.22002942
  5.02868675]
[-0.01817955  0.96967093 -0.72282008  0.35651986  3.1         1.33647969
  2.76840677]
[ 2.56020552 -0.82235137 -1.91668052  0.82537383 -1.89771104 -1.15846837
  2.13953054]
[-0.08969426  1.49987671 -3.07587086  0.77145753 -0.95885932  0.89298647
  3.09164593]
[-0.23823114  1.12617228 -1.47789656 -0.21801116 -2.27209831  1.07648258
  2.6530203 ]
[-3.1        -0.87616357 -0.47571321 -0.71570838 -0.27321323  1.56478323
  2.59676315]
[ 0.00389255  0.24202023 -0.12684165  1.05232979  1.89242049  0.64380035
  1.87345726]
[ 0.05391446  0.94948719 -0.74142164  0.53916258  3.1         1.46299128
  2.72519635]
[-0.01242129  0.91489587 -0.44797799  0.59286647  2.85929608  1.50351847
  2.63497488]
[ 2.16977704 -0.44822201  1.590559   -0.8716639   3.09961455  0.81737499
  6.26817235]
[ 0.91433937  0.34064614 -1.37445974  1.09059247  1.67615575  1.0551232
 -0.79566004]
[ 0.03918788  0.39452897 -0.30012814  0.93214837  1.99403556  0.74017806
  1.88734635]
[-0.60424911  0.98500875 -0.93055465 -0.89178367  2.19647794  0.3430215
  3.53330451]
[ 0.31869122  0.82094708  2.56527927 -1.02839364  0.23269002  1.49171057
 -4.46003239]
[-1.75220021 -0.77801591  1.36682845  1.10078779 -0.26246803  0.49595026
  4.33213385]
[ 0.26473888  0.1799313  -0.53539083  1.37437361  2.14998761  0.87146139
  1.63642861]
[ 2.80232826 -1.38090557  2.38253959 -0.66599236  0.17331446 -0.82485141
 -0.49976251]
[ 0.08277161  0.96121554 -0.73849306  0.65120274  3.1         1.56638773
  2.68886671]
[-1.88347386 -0.42303031  1.96534929  1.62131802  0.64194466 -0.94484493
  2.35556209]
[ 0.00555568  0.86971614 -0.40073918  0.74102859  2.81108934  1.5904655
  2.57431807]
[ 0.89319385  0.19560833 -0.9525854   1.1384946   0.37534181  0.11480525
  4.22043341]
[ 0.05565293  0.94573076 -0.62402366  0.62351262  3.00522946  1.53743314
  2.65418914]
[-2.98504715 -0.89547419  2.38177028  0.80732694  3.08141603  1.63335824
  2.67129958]
[-1.9756751  -0.42963777  1.92908988  1.13432987 -1.15139707  0.50956888
  4.79036048]
[-1.31419976 -0.14150798  1.35150461  1.39378734  1.82966401 -0.03772808
  2.72601668]
[ 0.04588543  0.94448267 -0.74306261  0.51462285  3.1         1.43961739
  2.73651384]
[-0.2161038   0.91910373 -2.81324385 -0.53159383 -0.90169858  1.35242182
  2.48837192]
[-3.02897337 -0.8976256   2.45173657  0.76575719  3.03359263  1.61512926
  2.65979463]
[-0.22648475  0.82125361  0.89762442  1.14079405 -0.72551064 -1.61257937
  0.89814451]
[-0.32492475  0.55132856  1.19407498  1.29858537  0.13266408 -1.42213909
  2.45680688]
[ 0.08853961  0.94242071 -0.72040262  0.67059173  3.07756755  1.56830589
  2.68273205]
[ 2.74667935 -1.28999067 -1.1823517   0.6376807   0.71368334  0.9208028
  2.44299925]
[ 3.05435044 -0.83488729  3.05352818  0.73896821  2.57490255  1.52443315
  2.48086083]