[0.         0.         0.         0.52359878 0.         1.04719755
 1.74532925]
[-0.01019871  1.00261693 -0.71288932  0.14028855  3.1         1.13964284
  2.74593433]
[ 0.0906907   0.91826835 -0.76350072  0.52713509  3.1         1.40801327
  2.72738803]
[-2.99343098 -0.99492531 -1.09607568 -0.65263683 -2.89437214 -1.53022793
  5.97406451]
[ 0.01554321  1.11874098  0.26801012 -0.07689893 -1.01934624 -1.02901962
 -0.4241197 ]
[-0.08779743  1.06979711 -0.67702362  0.10345033  3.1         1.1974449
  2.75276847]
[ 0.04217364  1.09788658  1.05165026 -0.29472349  1.21383001  1.12159714
  2.95923581]
[-3.03842637 -0.971873   -1.16332751 -0.36439399  0.31006718  1.25522985
 -3.44899987]
[ 0.06602673  0.94919019 -0.7433893   0.5049364   3.1         1.4215654
  2.71820026]
[-0.03140435  1.06482879  1.19567299 -0.19634081  1.1230428   1.13457049
  2.92258492]
[ 0.13910838  0.80298406 -0.84736983  0.73617192  3.1         1.51376902
  2.80082161]
[ 0.0427919   0.89751577 -0.92350241  0.41034087 -3.05833483  1.30345738
  2.84980502]
[ 0.0703631   0.94919892 -0.74368292  0.53930181  3.1         1.45337977
  2.71346499]
[-3.1        -1.3518784  -2.62746555 -0.64757195  1.68664921  1.06139549
 -3.13465483]
[ 0.05564884  0.94963068 -0.74242526  0.43749166  3.1         1.36052272
  2.72848488]
[ 0.02637654  0.96192572 -0.73194579  0.4704922   3.1         1.41911423
  2.73750007]
[ 0.20468985  1.11073369  1.65474057 -0.6679464   0.60340547  1.47943147
  2.94404697]
[-3.1        -0.96661355  2.63244644  0.41135594 -0.22626938 -1.34264815
  5.77627379]
[-3.08733356 -0.90552882  2.37948273  0.41694876  3.09652292  1.31017101
 -3.51470515]
[ 0.11153498  0.95853553 -0.74350216  0.50862398  3.1         1.40526561
  2.67617966]
[ 0.12020925  0.93248947 -0.75866892  0.56181258  3.1         1.43524837
  2.69112902]
[-0.14042016  0.93230229 -2.85257564 -0.35776989 -0.90766899  1.22390554
  2.57238295]
[-0.33700909  0.96978316  1.24321437  0.51343759 -1.67721981 -1.03237432
  5.58692721]
[-0.13560994  1.15248989  2.98796582  0.1560516   2.56536794 -1.05219955
 -0.31550396]
[ 0.00799331  1.16991872  0.509329   -0.4056013   1.71326615  1.01020937
 -3.22157011]
[-3.06212086 -1.13460129  1.16547093  0.34511532 -2.03692135  1.17624887
 -3.34540134]
[-0.09974282  1.1407841  -2.78292722  0.11316205  2.03856838 -1.1014823
 -0.31581736]
[ 0.14287777  0.89507352 -0.78363541  0.67351462  3.1         1.50826685
  2.70537503]
[-3.1        -1.38106827 -2.57215751 -0.69092091  1.64066994  1.10561286
 -3.10916988]
[ 0.02475559  0.92414375 -0.75096319  0.44672045  3.1         1.36975828
  2.77270604]
[ 0.08202181  0.98356356 -0.72889818  0.37529949  3.1         1.30700844
  2.68241225]
[ 0.09562042  1.00808947  2.31830428 -0.5851688  -3.0966258  -1.52615261
  5.84232185]
[ 0.09605471  0.88401337 -0.78392761  0.66386065  3.1         1.5183152
  2.74987363]
[ 3.01914271 -1.09463564  2.49053395 -0.17548335 -0.06274478 -0.95772937
 -0.3642534 ]
[ 0.06152234  1.07427036  1.46280712 -0.24030437  0.84498554  1.16113744
 -3.42995059]
[ 0.11922871  0.86632571 -0.79937243  0.59567731  3.1         1.42514685
  2.75418232]
[-3.07406496 -1.00447597 -0.89540305 -0.383271   -3.03365152 -1.33622732
 -0.39810791]
[-0.06531808  1.03713434 -0.69023482  0.19585536  3.1         1.25238318
  2.75643261]
[-3.09003034 -0.86840574 -0.89921465 -0.47913816 -3.09518825 -1.34869191
  5.99875206]
[ 2.94131414 -1.0346645   1.22246895 -0.3108959  -1.77703694  1.04344228
  2.52828761]
[-0.340623    0.91845358 -2.11669896 -0.53216175  1.67494167 -1.10298452
 -0.6897806 ]
[ 0.10360956  0.93714636 -0.75463358  0.49936073  3.1         1.38575622
  2.70189741]
[-0.09425124  0.83886253  3.09821046 -0.44902299  2.51351222 -1.27753313
 -0.51352863]
[-3.1        -1.31268569 -2.5407575  -0.56908147  1.62621611  1.09766403
 -3.18252442]
[-3.1        -1.2795281  -2.40187532 -0.53601532  1.50070292  1.15291273
 -3.1907305 ]
[ 0.05631596  0.99963464  2.4231051  -0.37315226  3.1        -1.33139985
 -0.45355193]
[ 0.23426049  0.97305807 -1.53983263  0.71807176 -2.61001616  1.42413161
  3.06245137]
[-3.1        -1.38033484 -2.68118693 -0.61242224  1.77349439  1.05033388
 -3.20685076]
[ 3.0645397  -1.01228997 -0.28278862 -0.11297503 -0.43536276  1.14697226
  2.73856267]
[-0.26201618  0.93447489 -2.6655538  -0.63531159  2.13868642 -1.385514
 -0.75858879]
[ 2.91115783 -1.00086881 -1.88784569  0.26548378  1.30662104  1.03600503
  2.62660497]
[-0.31823347  0.98821732 -1.88570434 -0.43226133  1.40260335 -1.04131249
 -0.62666434]
[ 2.85855129 -1.18005859  1.98844502 -0.38684597 -2.55442829  0.95771254
 -3.67424535]
[-3.1        -1.30275447 -2.47142578 -0.58837269  1.5512419   1.13015452
 -3.15148524]
[-0.11023198  0.94644517  0.11449012  0.31575637 -0.76656221 -1.23208828
 -0.52828172]
[ 0.10648306  1.15827314 -2.03883272  0.48270134 -2.02431344  1.21344512
  3.04423208]
[-3.1        -1.36212816 -2.68800323 -0.67331782  1.73044555  1.0260544
 -3.1208627 ]
[-0.12024871  1.14221881  3.1         0.27315886 -0.75144126  0.95863565
  2.93152404]
[ 0.11252557  1.18702898 -2.16426143  0.45511668 -1.89252635  1.16240441
 -3.27108714]
[ 0.16425321  0.87333933 -0.80072377  0.71940525  3.1         1.52732806
  2.70982339]
[-2.95632587 -1.02287138  1.81799822  0.56989608 -2.70762956  1.40464233
 -3.40102019]
[-0.02506591  0.95520597 -0.33819224  0.38840626 -0.37018353 -1.33187422
  5.77812558]
[-0.04231536  0.97820854 -0.40031886  0.4367785   2.83404233  1.4136281
  2.64321934]
[ 0.095125    0.86106396 -0.79839371  0.63218623  3.1         1.47199165
  2.77438919]
[ 0.12810045  0.88942068 -0.78572039  0.59265712  3.1         1.43228631
  2.72515907]
[ 0.06878777  1.01241848 -1.23416505  0.38741035 -2.7467363   1.31321899
  2.86473752]
[ 0.01099276  0.99041112 -0.72202585  0.10779466  3.1         1.08605928
  2.74212526]
[ 0.07362659  0.88153649 -0.78207895  0.58481969  3.1         1.45057198
  2.77141367]
[ 0.12999102  0.83284964 -0.82373707  0.67862413  3.1         1.48019036
  2.77738581]
[ 0.10440777  0.80788994 -0.83722587  0.57822438  3.1         1.37865689
  2.82542497]
[ 0.11569241  0.91814404 -0.76696417  0.51928056  3.1         1.38557116
  2.7098506 ]
[ 2.9175612  -1.25661181  2.53564931 -0.48460798  3.07367724  0.83389626
  2.7668084 ]
[ 2.76733402 -0.87529844 -2.16692799  0.53677592  1.72622942  1.11481365
  2.49952564]
[-0.03953372  1.01052638  2.26091653 -0.22342497  0.11761653  1.24394264
 -3.48492583]
[ 0.08381382  0.9095861  -0.76701981  0.60095078  3.1         1.4797908
  2.73702362]
[-0.34045783  0.96695465  1.24874141  0.45402792 -1.71694392 -1.03710752
  5.6601033 ]
[-0.40596372  0.93915601  1.30955577  0.5852601   1.45242123  1.00663845
  2.43799823]
[-0.15273825  1.31323781 -0.20014865 -0.46055162 -0.56638276 -0.91667558
  6.03280863]
[ 2.99212284 -1.06930856 -1.94968365  0.13158044 -1.84070013 -1.09012989
  5.80475295]
[ 3.09187799 -1.21416343  0.45538165  0.34396627 -1.2936861   1.06099942
 -3.29918115]
[-0.03578501  0.25180498 -0.11387842  1.20312122  2.0638886   0.73281945
  1.65627897]
[ 0.14804317  1.02048872  1.56307234 -0.52230032  0.64019853  1.31542535
  3.00332073]
[-2.9466065  -1.00798584  1.50056752  0.61900933  0.64947415 -1.34192692
  6.20692568]
[ 3.1        -1.28141058  0.03801419  0.40985811 -0.85887476  0.93603032
  2.90042044]
[ 0.03271691  0.98234567 -0.72412066  0.36003967  3.1         1.31964483
  2.72067338]
[ 3.05755443 -0.971834   -3.08718298  0.28030905  2.42308345  1.22245577
 -3.6679386 ]
[ 3.0777901  -0.93593517 -0.3422677  -0.2018928  -0.39223206  1.16720447
  2.75394491]
[ 7.67363443e-05  9.96441402e-01 -7.13162349e-01  3.93108084e-01
  3.10000000e+00  1.38177329e+00  2.73138166e+00]
[ 0.07638615  0.99573846  1.68846626 -0.31392176  0.57928432  1.19875582
 -3.37791627]
[ 0.11873947  0.88254698 -0.78832552  0.67116943  3.1         1.51155883
  2.73500641]
[ 0.033081    0.98980199 -0.720623    0.36333569  3.1         1.32807523
  2.71398018]
[-0.10998752  1.08214217 -0.67031083  0.08062265  3.1         1.19678451
  2.76125455]
[ 2.94156005 -0.98457018 -2.40042351  0.42496828  1.86788394  1.17967837
  2.44236177]
[ 0.01358571  0.99992375 -0.71323041  0.40433623  3.1         1.38766929
  2.71806321]
[ 0.12297545  0.91855591 -0.76747742  0.53445438  3.1         1.39677268
  2.70346072]
[ 0.03182905  1.02929329 -1.5008386   0.28280522 -2.48514491  1.2110337
  2.90463575]
[ 0.09481919  0.96380672 -0.73895998  0.51157671  3.1         1.42168423
  2.68376807]
[ 2.89925721 -1.14974428 -0.70759391  0.40899272 -3.1        -0.83547853
  5.94122448]
[ 0.0201024   0.80706664 -0.44759218  0.76001434  2.8276355   1.56178164
  2.62286259]
[ 2.99031399 -0.95786301  0.11240844 -0.17909228  2.3453494  -1.16839687
  5.88276103]
[ 2.9917902  -1.38119124 -0.02124388  0.66656454  2.29149697 -0.86831145
 -0.05002898]
[ 2.79230126 -0.26942591 -2.50537342  1.20803438 -3.1         0.44410934
  1.48329491]
[ 0.02571659  0.93845052 -0.74387837  0.43225954  3.1         1.36474347
  2.76007835]
[ 2.75956241 -0.94423386  0.89688345 -0.65439569 -1.32533729  1.23902599
 -3.92591146]
[ 3.09599061 -1.09275906 -3.08912413 -0.02900996  2.36020525  1.06612563
  2.73204046]
[ 0.09974069  0.79808734 -0.77342403  0.64061727 -0.09155636 -1.43473542
  5.93585372]
[ 0.11614891  0.94781882 -0.75023876  0.47781648  3.1         1.36431904
  2.68392545]
[ 3.09673545 -1.33151077 -2.98278769 -0.50396383 -1.01437151 -0.95817329
  6.12996647]
[-3.1        -1.39737665  0.53176146  0.6738656  -1.44973081  1.09150771
 -3.14559984]
[ 0.08527215  0.97850116 -0.73048941  0.49815835  3.1         1.42424369
  2.67861033]
[-3.1        -1.23757248 -2.26076058 -0.42906694  1.3964575   1.1816677
 -3.27975196]