[0.         0.         0.         0.52359878 0.         1.04719755
 1.74532925]
[-0.07319693  1.96490732  2.57704191  1.7122185  -0.72834265  0.11675089
  2.93144667]
[ 0.76801551  1.64419837  0.5122959  -1.48667396  1.06250764  0.91626008
  3.45113914]
[ 0.69746813  1.72094049  0.48646827 -1.50958531  1.16574993  0.9018256
  3.44478463]
[ 0.71804049 -0.21631164 -0.07593113  1.31120255 -0.03400037  0.62905748
  0.42840992]
[ 0.12492668  1.16880789 -0.65032989  0.48652547  3.1         1.52999523
  2.49609146]
[ 0.26183241  1.52872682 -0.25370602 -1.37864801  1.15951757  0.34139038
  4.0640372 ]
[-0.01973483  0.31184211  0.91097631  0.84119996  2.21972454  0.61419051
  2.04300676]
[ 0.38311156 -0.30221922 -0.35119801  1.57655292  0.88524108  0.74120458
 -0.53784182]
[ 0.7640939   1.72248551  0.60703458 -1.3292279   1.27831218  0.92327994
  3.14451034]
[ 0.65645411  1.67215612  0.2328402  -1.54213168  1.01062109  0.72440332
  3.71558369]
[-3.05320633 -1.92297142  2.71621487 -1.1551714   2.80102314  0.54943443
  2.40173078]
[ 0.78262851  0.97627946 -2.43914021  0.80886122 -2.42516154  0.84398836
 -2.96527315]
[ 0.88305519  1.63745847  0.54388981 -1.56612758  0.9493934   0.94689695
  3.46731275]
[-2.40525908 -1.47696611  1.2912046   1.03559937  0.9886643  -1.3844233
 -0.36181537]
[ 1.98934562 -0.111209   -1.48801645  1.53550851  0.46447542  0.23622867
 -0.16823617]
[ 0.54262271 -0.2962691  -0.49613417  1.4695202   0.77746608  0.79258781
 -0.44480028]
[-2.66512748 -0.6124841   2.84259981  1.76080658  2.69616411  2.02388054
  1.84997348]
[ 3.1        -0.20399271 -2.47802647  1.10044069  2.43761643  0.86673782
  2.03621691]
[ 0.49929161  1.08363868 -3.1         0.94502945 -2.12715129  0.57862176
 -2.39885287]
[ 0.09598589 -0.01983617  0.53993176  1.75552645  0.52357133 -0.01600552
 -0.09766436]
[-3.09233166 -0.81325514  2.01708347 -0.66966817 -2.2492448   0.2365847
  2.17625795]
[ 0.51583217 -0.26401692  0.06561163  1.58564617  0.12485777  0.40456389
  0.30915082]
[ 2.97440837 -0.36483613 -2.30192135  1.42050952  2.45744224  1.17958254
 -4.5650038 ]
[ 0.83615397  0.61394119 -0.74289274  1.79443896  2.93608554  2.01756747
 -4.21779137]
[ 0.4014492   1.88226878  2.9800247   1.81008422  0.82935654 -0.46737814
 -5.22674656]
[ 2.48361084 -0.17183327 -1.89777639  1.091121    0.03437753  0.58327094
  0.21798449]
[ 0.3521038   0.78615744 -3.1        -1.25286577 -0.53539321  1.6258589
  1.78790665]
[ 1.02201966 -0.3366793  -0.75962008  1.93314101  1.18108109  0.30921306
 -1.03882147]
[ 1.0580747   0.07160795 -0.41806839  1.69544024  0.27572624 -0.03738446
  0.16972744]
[ 1.2488745   0.59353793 -1.51921679  1.73693902  3.09999993  1.7912594
  2.56450961]
[ 0.33393444 -0.36346513 -0.30986934  1.61138012  0.86074922  0.76327053
 -0.51086373]
[-2.16323659 -0.72249024  2.22243575  1.92298649  3.1         2.1652977
  2.16182285]
[ 1.25705156  0.51394951  1.58642719 -1.10815932 -1.61515979  0.86596273
 -0.46328986]
[ 2.99576639 -1.07445684 -3.1         0.85628548  2.4553642   1.79291396
  2.23968845]
[ 0.58075822 -0.21044422 -0.08772195  1.42680427  0.25495387  0.5251894
  0.15406592]
[-3.01639664 -0.90054242 -0.81824685  0.57576773  3.09990388 -0.27381232
  5.91916342]
[ 0.6770373   0.20125122 -0.23695594  1.45006127  2.67868661  1.26075909
  1.94064812]
[-2.69119622 -0.29049072  1.00229794  0.527249    2.29581291  1.79634843
 -0.02597213]
[ 0.93507653  0.03973353 -0.2828146   1.65693136 -0.68450153  0.038455
  1.11342174]
[ 0.9131666   0.4285508  -1.36964267  0.96981241  2.92435493  1.19572008
  2.82286381]
[ 0.31655957  0.05854584 -0.95781348  0.67059414  1.26904823  1.4611127
 -0.2424218 ]
[ 3.09999888 -0.75914835 -1.14164312  0.72617483 -2.07737357 -0.21968395
 -1.02751847]
[ 0.86799397  0.66636869 -0.86907164  1.50619929  3.02852654  1.77168718
  2.21840286]
[-0.16350996  1.46960178  1.67634011  1.10583346  1.30992235  0.85873309
  1.50078617]
[ 0.39433362 -0.28412615 -0.06670173  1.40341721  0.47498647  0.67338509
 -0.03382899]
[0.28966266 0.37687838 0.58930617 0.62841579 2.15005675 0.55630635
 2.17918282]
[ 0.49712853  1.29811945  0.02753093 -1.30441682  0.85682222  0.6576072
 -2.18758482]
[ 0.55482425 -0.1371773   0.07534708  1.5647561  -0.00580601  0.29662306
  0.43052371]
[ 0.84042393  1.76149876  0.92342547 -1.39855213  1.24491553  1.19718972
 -3.25262073]
[-0.63494876  0.28631626  3.1        -0.97711344 -0.55146792  1.56949642
 -3.2024298 ]
[-2.90353991 -0.3129743   0.33264627 -0.5737596   0.07105552 -0.8617492
  3.39910666]
[ 1.08439252  0.65262738 -1.57808217  0.89636187 -3.09999921  1.04933734
 -3.5449383 ]
[ 0.53233032  0.90095217 -0.41081656  1.15025901 -0.24740798 -1.71037095
  5.1691301 ]
[-2.670577   -0.47390744  3.1         2.03664746  2.61292644  2.03003416
  1.5343709 ]
[-0.18589343  0.93846978 -0.73988008 -0.85711598  3.09999476  0.19519048
  2.96387851]
[ 1.02419915  0.67723698 -1.05274412  1.63958066 -0.03513787 -1.83592926
  5.41835351]
[ 3.1        -0.96360502 -2.31818735  1.45395221  2.14731634  1.48773654
  1.32212315]
[ 0.38001228  0.18252771 -0.01523201  0.96817855  0.45031198  0.62747863
 -6.27999844]
[0.22263163 0.68293921 0.89836485 0.3360242  1.65358504 0.6139461
 2.38084256]
[-2.98184251 -1.12832204  2.58061594  0.70227626  3.01271589  1.68842935
  2.42175718]
[-0.34459478  0.61752413  0.99950874  1.71685824  2.27249849  1.45112753
  1.44279918]
[ 0.64283189 -0.17391788 -0.74960799  1.26659699  0.88497782  0.95768096
 -0.48319466]
[ 3.08095004 -1.73629519  2.467088   -1.07615638  0.09952591 -0.53329908
 -0.91413947]
[ 1.61126973 -0.36192273 -1.11890352  1.02405605  1.04621663  0.55757542
 -0.59391659]
[ 0.5429166   0.5984222  -0.43064758  1.75328589  2.754761    2.0255065
  1.94805799]
[ 0.48518815  0.50059504 -0.48292607  0.40481413  2.56911983  0.76432793
  2.68603802]
[-0.53509232 -0.32755921  0.63861279  1.72333961  0.75262145 -0.87470999
  2.73466322]
[-2.32227922 -0.98978098  0.919093    0.7819757   0.67730052 -0.90305882
 -0.03371774]
[ 0.63081238  0.95251058 -0.69796516  1.04729272  3.1         1.63428426
  2.20096284]
[-2.54199299 -0.24004578 -0.36745555 -0.92975015 -0.60080517  0.94294012
 -3.88463727]
[ 0.59303455  0.96378239 -0.70017216  1.02436469  3.1         1.6410732
  2.22972202]
[ 2.45037813 -0.15013263 -3.1         1.20689717 -1.08995144 -1.44756367
  2.25297524]
[ 0.61335465  1.73785415  0.3545411  -1.66744029  1.07382571  0.87020491
  3.71725098]
[ 0.75568327  1.71086284  0.55492172 -1.44053551  1.18541565  0.91791685
  3.31422495]
[ 0.92258821 -0.07511657 -0.11068062  1.04256035 -0.26601568  0.7756719
  0.62691695]
[-0.19191715  0.73195148 -1.19648928  0.32310194 -0.57444057 -1.00120578
 -0.63702988]
[-2.72425829 -0.23777745 -3.1         0.99820845 -0.63456607 -0.906078
 -0.96538976]
[0.43821461 0.6011044  0.39673832 0.22921848 1.88954497 0.54161823
 2.52634257]
[ 2.87626427 -0.2708007  -2.20886372  0.9210234  -0.92242    -0.75004575
  5.35013022]
[-3.0626147  -2.08399063  2.78890499 -1.6825061  -1.08787838 -0.29453013
  6.27985639]
[ 0.26010509  1.95550402 -0.1680119  -1.54100063  1.76505264  0.39063078
  3.31663485]
[ 0.19907691 -0.25906317 -0.06012239  1.16579178  0.6038216   0.93982729
 -0.06979036]
[ 3.1        -0.79720571 -2.39815784  1.75559872  2.26199071  1.66380049
  1.2242988 ]
[ 0.54526543  0.36572804 -0.16507413  1.87413945  2.67702813  1.8171721
  1.72773563]
[ 3.02228580e+00 -1.86978662e+00 -6.41019596e-01  1.74879610e+00
 -3.09437404e+00  1.36654772e-04 -9.06710724e-01]
[-2.00167199 -0.77708477  2.16736129  1.99796017 -3.07052142  2.18291089
 -4.14203101]
[ 1.15922998  0.3394378   1.81583062 -1.00228506 -0.34740505  1.06824113
  2.64518654]
[-0.1560637   1.31966285 -0.5596788  -1.42933564 -2.41068618 -0.13737435
 -4.39102351]
[ 0.67423819  1.65927727  0.12558923 -1.62248937  0.82884415  0.69218261
  3.9268932 ]
[ 0.61016418  1.66974603  0.12252212 -1.61203618  0.90545493  0.68375447
  3.91143087]
[-0.37634873 -0.04495516  0.17190839  0.88116931  0.92058113  1.16365462
 -0.22094416]
[ 1.03186873  0.55019011 -1.67330189  1.09147176  3.09999997  1.28002702
  2.92439888]
[-1.74478702 -0.68545338 -1.86717073 -1.48361411 -3.09999998 -1.43865102
  5.93793793]
[ 0.88548324  0.74144603  1.20006671 -0.87006892  0.27243654  1.08163337
  3.12017626]
[ 0.60416953  0.54157106  1.03699037  0.44090109 -2.65557305  1.69683202
  3.33029337]
[ 0.13791709  0.80812455 -0.651778   -0.4623028   1.02167894  1.22132175
  0.4678686 ]
[ 0.68526407  0.12912484 -0.44084009  0.92436362  0.57274761  0.75921752
 -0.02561963]
[-2.33056787 -0.16818087  2.55614325  1.28260738  2.62744988  1.17620964
 -4.04083899]
[ 0.96362822  0.67130836 -1.08234585  1.56595515  3.09999997  1.79554366
  2.35686932]
[ 1.389563    1.19850019 -1.80253241  1.83583113  0.54301691 -1.64812037
  5.98582299]
[ 1.18646709  0.60398294 -1.37815579  1.67310954  3.09999825  1.76001228
  2.47600975]
[-0.6351758   0.17338061  0.64896215  1.41077285 -0.08438457 -1.44594094
  1.16283342]
[ 0.40460483  2.06097446  3.09384613  1.77373542  1.32129454 -0.46627875
  0.51229147]
[ 0.09502828  1.21475992 -0.63779845  0.22025797  3.1         1.31710402
  2.4994156 ]
[ 1.48298667 -0.43681379 -1.22669547  0.65713954  0.24700172  1.35888145
 -0.1090351 ]
[ 0.31416977 -0.08171375 -0.22171724  1.24790002  0.80230976  0.76765045
 -0.33604821]
[-2.12396175 -1.25283249 -2.04186685 -1.49392343 -2.47276608 -1.41157572
  6.27934745]
[-3.09989956 -0.12634438  0.3733817  -1.52156108 -0.56596217  1.26766523
  1.96737943]
[ 0.66252836  0.93159699 -0.70705787  1.03795424  3.09999952  1.59198691
  2.19139869]
[ 3.09999603 -1.43804035  2.46257602 -1.39024266  2.30225584 -0.05358313
  3.32321503]
[-2.25447887 -0.53624625  2.25661957  2.0564769   2.88769039  2.21914954
  2.10651409]
[ 0.54120445  1.63952625  0.04719858 -1.56474461  0.92554179  0.62082003
  3.96755971]
[-1.14042278 -1.11067146  0.8141827   2.11481005  0.79743377  0.0814798
  3.30409933]
[-2.43248099 -0.91909986 -0.70626963 -1.41168326  3.09999992 -1.93036972
 -0.99905155]
[ 0.42623912  0.17319832 -0.45652112  0.61500171  0.76093499  1.08045176
 -0.02919332]
[ 2.75620981 -0.59389009 -1.95261927  1.91772369  2.34758176  1.45497142
 -5.06706818]
[ 1.47139014  0.90806246  1.40871228 -2.19452798 -1.7344498  -0.85260984
 -3.48571303]
[-2.65877159 -1.54097567 -3.03198528 -1.62211149 -2.26809964 -0.76953445
 -5.32205388]
[ 2.60354756 -0.73600709  1.44963442 -1.88028165 -0.88997562  1.25545022
  1.16190382]
[-0.48783818  0.54756199  1.18942882  1.99133767  2.33142546  1.52160167
  1.27383359]
[-9.45720131e-02  1.55233162e+00  2.51109231e+00  1.47588087e+00
  1.03314391e-01  2.10881382e-03 -3.93607844e+00]
[ 3.1        -0.22641658 -2.80716415  1.93960609  2.51825927  1.75158058
  1.77880249]
[-2.66927227 -1.40487828 -0.78392785  1.42555867 -1.16958748 -2.07219791
  5.9273614 ]
[-2.24035725 -1.29838768  1.5901939   1.28594411  0.67910161 -1.62045413
 -0.4296312 ]
[ 1.32665738  0.52401393 -1.44327006  1.66301032  3.03130326  1.65897974
 -3.85983964]
[ 3.08960974 -1.10167076 -0.65779314  1.13466413  0.92324531 -0.06300814
 -4.5240568 ]
[ 0.47337266 -0.2010151  -0.54088284  1.13429703  0.77737036  1.04295265
 -0.2973397 ]
[-1.93389713 -0.59029373  1.50850414  0.85370224  3.1         0.93716091
  2.74624949]
[ 1.37710253 -0.42078619 -0.81015378  1.92771911 -0.33595186  0.098733
  0.44974147]
[-1.92534167 -0.57029469  1.32672397  1.13182998  3.1         1.21995857
 -3.37141626]
[-0.19778225  0.98590089 -0.7143815  -0.92631088  3.0642308   0.16793379
  2.96912381]
[-2.01342684 -0.82733858  1.28775561  1.91256193  0.36618656 -0.93397921
  1.74233481]
[-2.24352179 -0.67357213 -1.43297546 -0.63234436 -3.07847617 -0.90166896
  5.86046844]
[ 3.04684757 -0.27688838 -2.06177325  0.40435151 -0.22890614  0.78684732
  0.46407573]
[-2.08903057 -1.64495869  0.79851917  1.91138445  0.85280682 -1.29497119
 -5.93535926]
[ 0.42785509 -0.03015938  0.24849419  1.62062384 -0.34823638  0.14214206
  0.77430448]
[ 0.5178595   1.60870817  0.16556258 -1.60911401  0.95667462  0.76283539
  3.9555845 ]
[ 2.52920463 -0.2228449  -1.68421025  1.14609819 -0.47264927  0.55592545
  0.63229332]
[-2.68103861 -0.42726286  3.01091594  2.00347508  2.616679    2.00424904
  1.66001207]
[ 1.24012149  0.32506378 -1.57306634  1.30697403  2.83077555  1.38159594
  2.71225463]
[ 3.1        -0.59273553  0.71474267 -1.7100416  -0.74156734  1.56359357
 -4.88083021]
[ 0.64524077  1.64274001  0.36973648 -1.52150372  1.0676658   0.84879767
  3.63013411]
[ 0.14594203  0.72428207 -1.53268155 -0.50901973 -1.92468295  0.38403321
 -4.11074639]
[ 0.68252647  1.72448149  0.50420503 -1.44531724  1.22921563  0.89961857
  3.36316436]
[ 0.7117443  -0.27803325 -0.08455445  1.92116375 -0.09645959  0.08072584
  0.48818892]
[-3.09815658 -0.1522509   0.4222461  -1.70103485  2.6030833  -1.41436586
 -1.3282809 ]
[ 0.04606922  1.44337119  0.41223059 -0.12726673  2.06393343  1.24510784
  2.516583  ]
[-0.32909503  0.88090481  2.49942202 -0.41576274 -0.07634955  1.50027625
  3.03228344]
[-2.25789142 -2.1767055   0.2948201   1.71296586  0.59722787  0.4092443
  2.56504796]
[-0.32001178  1.34485805  1.77817905  1.73174188 -1.21674008 -0.77964877
 -2.32432561]
[ 0.40822987  1.61480816 -0.08849799 -1.64967278  0.81138353  0.58801203
  4.26229775]
[ 0.90403085  1.51910709  1.23966274 -1.23061071 -2.15370505 -1.36372671
 -0.32008254]
[ 0.69326246  1.74481867  0.50893889 -1.44839736  1.24518654  0.89600816
  3.33791795]
[ 1.12358533  0.64996156  1.19839971 -1.31971556  0.07395367  1.43121748
  3.08110945]
[ 0.47925273 -0.209834   -0.15487782  1.19115151  0.40914297  0.80037598
  0.04083755]
[ 0.31296018  1.88851563 -0.10635522 -1.314869    2.01017127  0.47474621
  2.996806  ]
[ 0.65987717  0.03852018 -0.25401016  1.55245827 -0.68481769 -0.6994881
  1.32274552]
[ 0.49154644  1.46393226 -3.1         1.32292353 -2.09687393  0.58431866
  3.87430927]
[-2.31583984 -1.69389403  1.12732832  1.29744985  1.18514179 -1.35681145
 -0.23204071]
[ 1.10240438  0.59696556  2.32425508 -1.95380636 -0.12730913  2.03943267
  1.93777324]
[ 0.52621768 -0.10696822  0.14356869  1.6165983  -0.44481131 -0.16619275
  1.05934731]
[ 1.05577639  0.65380786  2.79623899 -0.92073757  0.68204545  1.89181448
 -2.17288528]
[ 0.32404037  1.04256001 -0.1726324  -0.90622653  1.21825086  0.44531514
 -2.28307396]
[-2.15575573 -1.45371047 -2.48851384 -0.80662821 -3.06365538  1.65905146
 -1.09363742]
[ 0.88607709  1.88265381 -2.39288724  1.89322932  1.11528998 -1.16437913
 -5.9363019 ]
[-0.35269072  0.26300073 -0.26093352  1.09720649  1.97519434  1.10437858
  1.98646852]
[ 0.4336145   0.16023489 -0.07772596  1.15703188 -0.60232978 -1.02437548
 -0.93325295]
[ 0.63226108  1.78280662  0.28053912 -1.76832847  0.98507847  0.83181823
  3.82910334]
[-0.01168267  0.36610619 -0.51911852  0.95987996  2.04466898  0.95393579
  2.01095237]
[ 0.70306371  0.47025224 -0.4126709   1.64050381  2.78216977  1.72541005
  1.9001138 ]
[-2.71487251 -0.61020848  3.04953208  1.84324289  2.61468677  2.02085954
  1.64005331]