0.9256080618732204
1.4637864021903284
-1.3508249683312206
3.0286312197306797
0.6451882649216757
-5.926793506612162e-15
1.5290025916051209
-0.15107259480650337
1.479417960945064
1.8131603749946672
0.04179389519207922
8.661846466641527e-05
1.1093573752613437
1.2803011897896583
-1.3624622826285577
3.2237537466548365
0.4614389396834096
-1.6553327073052116e-09
1.5290025916051209
-0.15107259480650337
1.479417960945064
1.8131603749946672
0.04179389519207922
8.661846466641527e-05
1.1590340401820924
1.546681592613146
-1.641086772370052
3.2359978333466914
0.4117622866128039
-5.764756103802415e-15
1.5290025916051209
-0.15107259480650337
1.479417960945064
1.8131603749946672
0.04179389519207922
8.661846466641527e-05
0.9256080618732204
1.4637864021903284
-1.3508249683312206
3.0286312197306797
0.6451882649216757
-5.926793506612162e-15
1.541181499542213
1.6399706032833115
-1.8795187054332694
0.23942538459983723
-0.029614985208378228
-3.1414702079201606
0.9256080618732204
1.4637864021903284
-1.3508249683312206
3.0286312197306797
0.6451882649216757
-5.926793506612162e-15
1.5411820326596508
1.6400724223810097
-1.8796158207311775
0.23974327117004832
-0.02961124980710902
-3.141793949444665
0.9256080618732204
1.4637864021903284
-1.3508249683312206
3.0286312197306797
0.6451882649216757
-5.926793506612162e-15
1.0410726381116029
1.344430744150001
-1.5174681264136787
0.17304951733508628
-0.5297206474204076
-3.1416046426023514
1.1590340401820924
1.546681592613146
-1.641086772370052
3.2359978333466914
0.4117622866128039
-5.764756103802415e-15
1.5411820326596508
1.6400724223810097
-1.8796158207311775
0.23974327117004832
-0.02961124980710902
-3.141793949444665
1.1093573752613437
1.2803011897896583
-1.3624622826285577
3.2237537466548365
0.4614389396834096
-1.6553327073052116e-09
1.5411820326596508
1.6400724223810097
-1.8796158207311775
0.23974327117004832
-0.02961124980710902
-3.141793949444665
0.9715231806089479
1.4860140406946247
-1.320758991525529
2.976337604420712
0.5992731461859487
-2.436095072494359e-14
1.3017859248745918
1.20244165135278
-1.5612740275636092
3.5004250298006356
0.2690104019203041
-2.794807427019335e-14
1.178641794609476
1.5516907445869024
-1.1215075974819282
2.7114095064848374
0.3921545321854206
-3.038817967958923e-14
1.3017859248745918
1.20244165135278
-1.5612740275636092
3.5004250298006356
0.2690104019203041
-2.794807427019335e-14
1.0833941913999918
1.4186105153635657
-0.9966776783003446
2.719659816526587
0.4874021353949049
-2.595763154744047e-14
1.3017859248745918
1.20244165135278
-1.5612740275636092
3.5004250298006356
0.2690104019203041
-2.794807427019335e-14
0.9715231806089479
1.4860140406946247
-1.320758991525529
2.976337604420712
0.5992731461859487
-2.436095072494359e-14
1.3673499670797946
1.8103217567049879
-1.8430666175040316
3.174337514388853
0.2034463597151025
-3.476383630318382e-14
1.178641794609476
1.5516907445869024
-1.1215075974819282
2.7114095064848374
0.3921545321854206
-3.038817967958923e-14
1.3017859248745918
1.20244165135278
-1.5612740275636092
3.5004250298006356
0.2690104019203041
-2.794807427019335e-14
1.2370869327007525
1.6303179456026167
-1.8377426214391412
3.349017329426375
0.333709394094144
-6.812649169662179e-14
1.302386489607542
1.4777577128981536
-1.9575655939630623
3.621400534654565
0.26840983718735484
1.2255905299933574e-13
1.3444705891021231
1.365513586717595
-1.3424014254531405
3.1184804923251623
0.22632573769277362
1.6257608782403772e-13
1.302386489607542
1.4777577128981536
-1.9575655939630623
3.621400534654565
0.26840983718735484
1.2255905299933574e-13
1.3395666033180471
1.2777193530409732
-0.9816277221348123
2.8455010226835356
0.2312297234768497
8.568517192046373e-14
1.302386489607542
1.4777577128981536
-1.9575655939630623
3.621400534654565
0.26840983718735484
1.2255905299933574e-13
1.3444705891021231
1.365513586717595
-1.3424014254531405
3.1184804923251623
0.22632573769277362
1.6257608782403772e-13
0.7890744894298286
2.1222127912992317
-1.8194180721497315
2.8387979344402874
0.7817218373650678
-2.5198958513815957e-15
1.2370869327007525
1.6303179456026167
-1.8377426214391412
3.349017329426375
0.333709394094144
-6.812649169662179e-14
1.302386489607542
1.4777577128981536
-1.9575655939630623
3.621400534654565
0.26840983718735484
1.2255905299933574e-13
-1.1769868087452813
2.978415480460442
-1.4645582127181063
1.6277353858275634
2.74778313554121
6.807918628585067e-10
-1.1680243645916613
3.2069177876272246
-1.9670140227583692
1.9016888887042478
2.738820691387588
6.839704917528229e-10
-0.9352824298203837
2.517783048880771
-0.9172700499324452
1.5410796546260992
2.5060787566163145
6.865579008216284e-10
-1.1680243645916613
3.2069177876272246
-1.9670140227583692
1.9016888887042478
2.738820691387588
6.839704917528229e-10
-1.1162638787905663
2.3663139389872185
-0.22929359626877474
1.004572310854064
2.6870602055864996
6.836607133259882e-10
-1.1680243645916613
3.2069177876272246
-1.9670140227583692
1.9016888887042478
2.738820691387588
6.839704917528229e-10
-0.9352824298203837
2.517783048880771
-0.9172700499324452
1.5410796546260992
2.5060787566163145
6.865579008216284e-10
-0.42143594922948463
2.2536902121944675
-2.0664586567342753
2.954361096328891
1.9922322760254803
-3.442368529293151e-09
-1.1769868087452813
2.978415480460442
-1.4645582127181063
1.6277353858275634
2.74778313554121
6.807918628585067e-10
-1.1680243645916613
3.2069177876272246
-1.9670140227583692
1.9016888887042478
2.738820691387588
6.839704917528229e-10
1.201407623126766
0.9598119833215338
-0.5886454617412081
2.770426132009214
0.36938870366812937
2.295141861757336e-13
1.1254230721357774
0.9453598786638143
-1.2936993381339048
3.489933270648013
0.4453731186599162
-1.2878058586187572e-06
1.3124383885487538
1.248445140664483
-0.7219144488617951
2.6150619617869264
0.25835793824614217
1.683845215596346e-13
1.1254230721357774
0.9453598786638143
-1.2936993381339048
3.489933270648013
0.4453731186599162
-1.2878058586187572e-06
1.4285745331983544
1.2517654064003585
-0.7922669103716622
2.6820941575606367
0.14222179359654186
4.4405513628521e-13
1.1254230721357774
0.9453598786638143
-1.2936993381339048
3.489933270648013
0.4453731186599162
-1.2878058586187572e-06
1.3124383885487538
1.248445140664483
-0.7219144488617951
2.6150619617869264
0.25835793824614217
1.683845215596346e-13
1.0626682719046172
1.3884385674031843
-1.8244240294185565
3.577578124587887
0.5081280543809866
-9.900961014858752e-09
4.707646199539884
1.509655421654714
1.4809429810678791
2.037280172383125
0.6658489729821462
-2.76559485153603
4.569151456906693
1.6007887881039768
1.7531470524989927
1.4959746289746958
0.6345754285982748
-2.5423711783203187
1.3616532500155056
0.9404166322771987
-0.16216321828483407
2.3633394299571315
0.2091430767786623
-2.620015318358768e-07
4.569151456906693
1.6007887881039768
1.7531470524989927
1.4959746289746958
0.6345754285982748
-2.5423711783203187
1.0428281232443706
1.1381132800738971
-1.1737626779683659
3.1772418061984453
0.5279682035497968
1.9087099613499606e-07
4.569151456906693
1.6007887881039768
1.7531470524989927
1.4959746289746958
0.6345754285982748
-2.5423711783203187
1.3616532500155056
0.9404166322771987
-0.16216321828483407
2.3633394299571315
0.2091430767786623
-2.620015318358768e-07
4.496678352574031
1.4347846865422038
2.08290600432854
1.2334100866335105
0.6281869832223679
-2.4200164890638907
0.8802372138189156
1.5822417686775563
-1.1279867738455838
2.687337658758558
0.6905591129759814
-8.150853194359462e-13
1.0294210130046277
1.6963781850278081
-2.0695694581201396
3.5147839266857206
0.5413753137902686
-3.747274136680316e-12
1.4731648796079224
1.4404362278805172
-1.4562742186614717
3.1574306443685205
0.09763144718697356
1.9728383539507174e-12
1.0294210130046277
1.6963781850278081
-2.0695694581201396
3.5147839266857206
0.5413753137902686
-3.747274136680316e-12
0.8802372138189156
1.5822417686775563
-1.1279867738455838
2.687337658758558
0.6905591129759814
-8.150853194359462e-13
1.5289798885771557
1.750871822068221
-1.9248396523891713
3.315560483910694
0.04181643821774103
3.044623650835749e-14
1.4731648796079224
1.4404362278805172
-1.4562742186614717
3.1574306443685205
0.09763144718697356
1.9728383539507174e-12
1.0294210130046277
1.6963781850278081
-2.0695694581201396
3.5147839266857206
0.5413753137902686
-3.747274136680316e-12
1.3343793690011745
0.9492537591859682
-0.424922619940158
2.6172615143572577
0.23641695779372168
-1.3590783868638396e-11
1.0294210130046277
1.6963781850278081
-2.0695694581201396
3.5147839266857206
0.5413753137902686
-3.747274136680316e-12
0.9256080618732204
1.4637864021903284
-1.3508249683312206
3.0286312197306797
0.6451882649216757
-5.926793506612162e-15
1.5411819975935055
1.6400084260696566
-1.8795551700939717
0.2395434099094207
-0.029614284401033884
-3.141589282276155
0.9256080618732204
1.4637864021903284
-1.3508249683312206
3.0286312197306797
0.6451882649216757
-5.926793506612162e-15
1.0410718792927216
1.3444170052064413
-1.5174546999942016
0.1730374392192548
-0.529724402701801
-3.1415923927152414
1.1590340401820924
1.546681592613146
-1.641086772370052
3.2359978333466914
0.4117622866128039
-5.764756103802415e-15
1.5411819975935055
1.6400084260696566
-1.8795551700939717
0.2395434099094207
-0.029614284401033884
-3.141589282276155
1.1093573752613437
1.2803011897896583
-1.3624622826285577
3.2237537466548365
0.4614389396834096
-1.6553327073052116e-09
1.5411819975935055
1.6400084260696566
-1.8795551700939717
0.2395434099094207
-0.029614284401033884
-3.141589282276155
0.9715231806089479
1.4860140406946247
-1.320758991525529
2.976337604420712
0.5992731461859487
-2.436095072494359e-14
1.3017859248745918
1.20244165135278
-1.5612740275636092
3.5004250298006356
0.2690104019203041
-2.794807427019335e-14
1.178641794609476
1.5516907445869024
-1.1215075974819282
2.7114095064848374
0.3921545321854206
-3.038817967958923e-14
1.3017859248745918
1.20244165135278
-1.5612740275636092
3.5004250298006356
0.2690104019203041
-2.794807427019335e-14
1.0833941913999918
1.4186105153635657
-0.9966776783003446
2.719659816526587
0.4874021353949049
-2.595763154744047e-14
1.3017859248745918
1.20244165135278
-1.5612740275636092
3.5004250298006356
0.2690104019203041
-2.794807427019335e-14
0.9715231806089479
1.4860140406946247
-1.320758991525529
2.976337604420712
0.5992731461859487
-2.436095072494359e-14
1.3673499670797946
1.8103217567049879
-1.8430666175040316
3.174337514388853
0.2034463597151025
-3.476383630318382e-14
1.178641794609476
1.5516907445869024
-1.1215075974819282
2.7114095064848374
0.3921545321854206
-3.038817967958923e-14
1.3017859248745918
1.20244165135278
-1.5612740275636092
3.5004250298006356
0.2690104019203041
-2.794807427019335e-14
1.2370869327007525
1.6303179456026167
-1.8377426214391412
3.349017329426375
0.333709394094144
-6.812649169662179e-14
1.302386489607542
1.4777577128981536
-1.9575655939630623
3.621400534654565
0.26840983718735484
1.2255905299933574e-13
1.3444705891021231
1.365513586717595
-1.3424014254531405
3.1184804923251623
0.22632573769277362
1.6257608782403772e-13
1.302386489607542
1.4777577128981536
-1.9575655939630623
3.621400534654565
0.26840983718735484
1.2255905299933574e-13
1.3395666033180471
1.2777193530409732
-0.9816277221348123
2.8455010226835356
0.2312297234768497
8.568517192046373e-14
1.302386489607542
1.4777577128981536
-1.9575655939630623
3.621400534654565
0.26840983718735484
1.2255905299933574e-13
1.3444705891021231
1.365513586717595
-1.3424014254531405
3.1184804923251623
0.22632573769277362
1.6257608782403772e-13
0.7890744894298286
2.1222127912992317
-1.8194180721497315
2.8387979344402874
0.7817218373650678
-2.5198958513815957e-15
1.2370869327007525
1.6303179456026167
-1.8377426214391412
3.349017329426375
0.333709394094144
-6.812649169662179e-14
1.302386489607542
1.4777577128981536
-1.9575655939630623
3.621400534654565
0.26840983718735484
1.2255905299933574e-13
-1.1769868087452813
2.978415480460442
-1.4645582127181063
1.6277353858275634
2.74778313554121
6.807918628585067e-10
-1.1680243645916613
3.2069177876272246
-1.9670140227583692
1.9016888887042478
2.738820691387588
6.839704917528229e-10
-0.9352824298203837
2.517783048880771
-0.9172700499324452
1.5410796546260992
2.5060787566163145
6.865579008216284e-10
-1.1680243645916613
3.2069177876272246
-1.9670140227583692
1.9016888887042478
2.738820691387588
6.839704917528229e-10
-1.1162638787905663
2.3663139389872185
-0.22929359626877474
1.004572310854064
2.6870602055864996
6.836607133259882e-10
-1.1680243645916613
3.2069177876272246
-1.9670140227583692
1.9016888887042478
2.738820691387588
6.839704917528229e-10
-0.9352824298203837
2.517783048880771
-0.9172700499324452
1.5410796546260992
2.5060787566163145
6.865579008216284e-10
-0.42143594922948463
2.2536902121944675
-2.0664586567342753
2.954361096328891
1.9922322760254803
-3.442368529293151e-09
-1.1769868087452813
2.978415480460442
-1.4645582127181063
1.6277353858275634
2.74778313554121
6.807918628585067e-10
-1.1680243645916613
3.2069177876272246
-1.9670140227583692
1.9016888887042478
2.738820691387588
6.839704917528229e-10
1.201407623126766
0.9598119833215338
-0.5886454617412081
2.770426132009214
0.36938870366812937
2.295141861757336e-13
1.1254230721357774
0.9453598786638143
-1.2936993381339048
3.489933270648013
0.4453731186599162
-1.2878058586187572e-06
1.3124383885487538
1.248445140664483
-0.7219144488617951
2.6150619617869264
0.25835793824614217
1.683845215596346e-13
1.1254230721357774
0.9453598786638143
-1.2936993381339048
3.489933270648013
0.4453731186599162
-1.2878058586187572e-06
1.4285745331983544
1.2517654064003585
-0.7922669103716622
2.6820941575606367
0.14222179359654186
4.4405513628521e-13
1.1254230721357774
0.9453598786638143
-1.2936993381339048
3.489933270648013
0.4453731186599162
-1.2878058586187572e-06
1.3124383885487538
1.248445140664483
-0.7219144488617951
2.6150619617869264
0.25835793824614217
1.683845215596346e-13
1.0626682719046172
1.3884385674031843
-1.8244240294185565
3.577578124587887
0.5081280543809866
-9.900961014858752e-09
