[0.         0.         0.         0.52359878 0.         1.04719755
 1.74532925]
[-0.23139063  0.65202658 -2.82955905 -1.20885645 -0.31438039  1.05030246
  6.28      ]
[-0.44556579  0.87605469 -2.11768829 -1.00643062  2.56984324 -0.78561218
 -3.51189543]
[ 3.04727855 -0.50873469 -3.1         1.39253281 -0.23074294 -1.13688474
  3.25477892]
[ 3.05094519 -0.59766021 -3.1         1.29594173 -0.23279032 -1.12882074
  3.25388261]
[ 2.84205534 -0.5845875  -2.77166251  1.39186889 -0.31332863 -1.15191496
  3.10343013]
[-0.64043586  0.82749578 -1.97645478 -1.35769405 -0.51055522  0.95506662
 -0.50693198]
[ 2.44637608 -1.18650329 -1.4041889   1.42128615 -0.60330336 -0.75555699
  2.07751598]
[ 2.69395497 -0.99765242 -1.83815112  1.16030691 -0.54957    -0.85265551
  2.40210974]
[ 3.04208344 -0.52290042 -3.1         1.29837487 -0.24498459 -1.06022532
  3.28154155]
[ 2.83783083 -0.8830572  -2.2141192   1.07056536 -0.43562511 -0.91348646
  2.64262531]
[ 2.60728011 -0.95489923 -1.74949961  1.27659375 -0.48843211 -0.86155059
  2.32458608]
[ 0.36931349  1.45264991  0.79129693 -1.01463813  0.74331137  0.56491001
 -4.71854476]
[ 2.70146689 -0.67496464 -2.3950972   1.07766881 -0.45403482 -0.81472942
  2.99639574]
[-2.62249888 -1.09227488  1.54061262  1.01469334 -2.71421175  0.82807556
  0.99136898]
[ 3.05087157 -0.49475997 -3.1         1.31286954 -0.23868411 -1.04505744
  3.27537409]
[-3.1        -1.63600607 -2.86351957 -1.14127968 -1.39134571 -1.16481045
 -5.67327458]
[ 2.60729532 -0.84366843 -1.94352376  1.37639939 -0.4234708  -0.99512022
  2.46823734]
[-3.1        -1.70284333 -3.05718242 -1.25471802 -2.61834125 -0.39101394
  5.69845793]
[ 0.44714337  0.69162969 -0.60964742  1.26424731  0.09462652 -1.10280118
  3.37830889]
[ 0.51673461  0.8134987  -0.97095845  1.15948495  0.18338091 -1.01683921
  3.65108718]
[-3.1        -1.44855713  0.20620869  0.96626556 -2.47724164  0.41250863
  2.30959183]
[ 2.73693567 -1.36893765  2.19637237 -0.96912843 -0.83106751  0.30550298
  4.9511324 ]
[-0.13000149  0.68271099 -2.91236015 -0.91438804  2.8339879  -0.80704338
 -3.07725935]
[-2.83305304 -0.78760962 -0.86947549 -0.94475535 -3.08903468 -0.89531814
  3.74796867]
[ 0.52935691  0.80325457 -0.98910481  1.14763119  0.18070093 -0.99030514
  3.6573677 ]
[ 1.11499293 -0.23985546 -0.9221453   1.61250833  0.75255238  0.25393342
 -0.51149255]
[ 2.48007544 -0.99759494 -1.61713756  1.42856257 -0.49862074 -0.88469041
  2.23757384]
[ 0.44199647  0.64939834 -0.58338624  1.29447036  0.07001973 -1.10102112
  3.36273203]
[-3.1        -1.54068504 -2.9519139  -0.9314687  -2.22629226 -0.32173781
  5.20884361]
[ 0.75220137  0.05699464 -0.57773299  1.68093373 -0.77796739 -0.592974
  0.02731723]
[-0.05534833  1.31219956 -3.1         0.63441411  1.13473912 -0.23643737
 -1.13309775]
[-3.09999999 -1.47626982 -2.98098753 -0.86647681 -2.27147914 -0.297611
 -1.01712599]
[ 2.65234652 -0.51905797 -2.52710959  1.51197622 -0.34503621 -1.14222885
  3.01971878]
[ 0.42608541  0.70943248 -0.55325524  1.22439039  0.10037661 -1.08903287
  3.33424032]
[ 0.14201162  0.60442972 -0.18228298  1.27239511 -0.09646993 -1.10204145
  3.25115565]
[ 2.95669755 -1.48567444 -0.35902481  0.93351493 -0.68383029  0.82725584
  3.43955816]
[ 2.9752407  -1.62801444  2.80335968 -1.03832023 -3.1        -0.13361298
  0.28278593]
[ 2.53328576 -0.98148917 -1.6800948   1.36552793 -0.50294904 -0.88153361
  2.28384566]
[-0.23773638  1.66906892 -0.35310731 -1.13186689 -2.96234323 -0.16607624
  0.19543041]
[-3.09999987 -1.42665566  0.12352641  0.79312661  0.88323146 -0.25745251
 -1.01015089]
[ 1.16513254  0.51165692 -1.78124038  1.55421576 -0.74916929 -1.10380586
  0.55352422]
[-0.44065663  1.4292138   2.17920162  1.06683683  2.30340273  0.35409751
  4.94582878]
[ 3.06623917 -0.64081208 -2.98068994  1.15717236  2.92419905  1.00833527
  6.28      ]
[ 0.4150343   1.2650288  -2.08914573  1.08574901 -2.64568526  0.77003148
  1.51182302]
[-2.6724805  -1.02316572  1.47133919  1.04728703  0.29834051 -0.86283344
  4.31426464]
[-0.20892708  0.74812765 -2.8358159  -1.08499086 -0.33617088  1.02268956
 -6.28      ]
[ 0.43811449  1.07821838 -1.439482    1.00313494  0.39950784 -0.92068456
  4.05041634]
[ 0.50193384  0.59113066 -0.63688811  1.43277319  0.06152634 -1.17110239
  3.37399432]
[ 0.13466446  0.72686665 -0.31151548  1.044859    3.05276802  1.00557452
  0.25070199]
[ 3.06951139 -0.49622037 -3.1         1.38638561 -0.21528699 -1.11443665
  3.23634701]
[ 0.44272511  0.7138536  -0.60267556  1.23915971  0.106919   -1.09830708
  3.3703008 ]
[ 0.45934171  0.83168424 -0.93576632  1.08122789  0.17549791 -0.98258608
  3.65291534]
[ 0.55266816  0.76270614 -1.01565884  1.27622887  0.14091695 -1.07909083
  3.69564909]
[ 0.53598406  0.91224886  1.81596374 -1.10721522  0.24204011  0.93563335
 -5.46319338]
[ 3.07774164 -0.53801077 -3.09989681  1.32216162 -0.21321849 -1.09103826
  3.23334547]
[ 2.48012687 -1.24279897 -1.31213054  1.44992863 -0.56538546 -0.74313241
  1.9231207 ]
[ 0.45686065  0.48302594 -0.56409125  0.99178874 -2.27698607  0.28566338
  1.4596977 ]
[-0.13659984  1.59384484  2.95568366  1.02630718  0.57994268 -0.20091175
  5.92491502]
[ 3.1        -0.22605586 -2.64162151  1.46205642 -2.35003079  0.79204861
  1.11602994]
[-2.58833935 -1.03469361 -1.5308444  -1.06859521 -2.77831596 -0.8676007
 -2.19445303]
[ 2.66258169 -0.72196478 -2.1108      1.35581957 -0.34280617 -0.99600413
  2.59552066]
[ 0.52235727  0.90456333 -1.03259237  0.98093569  0.29424296 -0.88468311
  3.62786469]
[ 2.40598298 -1.2331047  -1.307984    1.52631641 -0.54620806 -0.76198107
  1.93655926]
[-0.56185399  1.14384213 -1.55314334 -1.1792929  -0.69972635  0.71441098
 -0.85925087]
[ 2.55063238 -0.90988209 -1.83038115  1.24351581 -0.53474759 -0.83372736
  2.49644588]
[ 0.38646669  0.65910412 -0.45449853  1.21991661  0.0613453  -1.05658463
  3.27628901]
[ 2.62980155 -0.52234341 -2.4742284   1.45111054 -0.35491566 -1.0701811
  3.0107772 ]
[ 0.20251035  0.26220947  0.51863017  1.02265366 -0.98904031  0.86146031
  2.04544626]
[ 0.39990472  0.90111646 -1.032971    1.02459623  0.20213484 -0.9828121
  3.77727632]
[-2.24874563 -1.4350563   1.28227208  1.23182061  1.4765067  -1.3156925
  1.29544864]
[ 0.2867365   0.76534357 -0.22175782  1.04183537  0.05054661 -1.00804395
  3.12067433]
[ 0.4186476   0.65275575 -0.52212978  1.26334855  0.06828466 -1.0828525
  3.31848165]
[-2.38477174 -0.83872356 -1.78156398 -1.46552984 -3.1        -1.07454881
 -1.91458949]
[-3.02108377 -0.6981401  -0.18071544 -1.03478424  3.0391745  -0.9609013
 -3.00093154]
[ 0.49090949  0.8479306  -0.94691261  1.09877826  0.20755043 -0.99460237
  3.62975954]
[ 3.07613379 -0.55775209 -3.09941818  1.23131493 -0.22401144 -1.02185465
  3.25256819]
[ 3.06804299 -0.6926285  -3.03953118  1.12256826 -0.22877369 -1.03691337
  3.1963344 ]
[-0.11959978  0.44885317  0.21663296  1.0040773  -0.57020354 -0.19785153
  4.02371768]
[ 0.14609804  0.59378701 -0.36018739  1.20864887  3.0074374   1.04689965
 -5.97709672]
[ 0.28392064  0.78639083 -0.66552709  1.04125082 -3.1         1.00994951
 -5.85315627]
[ 3.09270372 -1.56297092 -0.26686941  1.01156938 -0.01787194 -0.20401897
  0.22668812]
[ 0.56598001  0.89996351 -1.16074402  1.04793761  0.28750792 -0.89475298
  3.73891464]
[ 2.48152344 -1.20309206 -1.36286461  1.41315868 -0.57649074 -0.74503809
  1.99929653]
[ 2.50503805 -0.98983213 -1.68840442  1.40615738 -0.52002056 -0.9098677
  2.30096537]
[ 2.92939243 -1.31115225  0.0428881   1.05652519  1.54011393 -1.47294709
 -2.97535999]
[ 0.43176855  0.88795587 -0.89432605  1.04191309  0.21352371 -1.00087902
  3.61339901]
[ 0.28750768  1.44202123  0.74605658 -1.03315176  0.7102366   0.61294697
 -4.59185542]
[-2.64359617 -0.92425864 -1.34483872 -1.15440249  0.22739198  1.00439379
  0.88514751]
[-0.15216999  1.42793274 -0.34669849 -0.81046681 -2.77984648 -0.10470359
 -6.27483555]
[ 2.41416503 -1.21363725 -1.3160333   1.46290455 -0.56199784 -0.72069832
  1.98128285]
[ 0.44017621  0.60744205 -0.53020006  1.33266844  0.05663843 -1.10693621
  3.31362689]
[ 2.48655967 -1.00855468 -1.62649262  1.42111134 -0.51414595 -0.88700859
  2.24678687]
[ 2.89351318 -0.78454174 -2.64435072  1.01004847 -0.38735782 -0.93104549
  3.02959127]
[-2.79047534 -1.4852502  -2.30867973 -1.19743914  0.66170449  0.73104813
 -4.59842568]
[ 2.81803317 -0.51890206 -2.73312918  1.38761214 -0.30450635 -1.07928201
  3.10567582]
[ 2.90305121 -0.57758603 -2.82884694  1.37689961 -0.28015668 -1.14195462
  3.10654594]
[ 0.41138914  0.72037125 -0.56932448  1.19079673  0.09483609 -1.06735937
  3.36174547]
[ 2.93731724 -0.5813265  -2.86766489  1.38039018 -0.26305895 -1.15579975
  3.1099836 ]
[-2.88347064 -0.71227833  2.40570284  0.91177005  3.09999926  0.83496387
 -5.71736406]
[ 0.38343866  0.74352832 -0.52422371  1.13242741  0.09485764 -1.04057774
  3.33484576]
[-2.60707841 -0.73007179  2.11443785  1.40142842 -3.0495757   1.19323964
 -5.67886164]
[-0.11653796  1.5037265   2.92316207  0.88342871  0.63536021 -0.14394747
 -0.39700018]
[ 0.52013962  0.94379878 -1.11724457  1.0051694   0.31797364 -0.91091509
  3.7103893 ]
[ 0.10704433  0.68664468  3.08978297 -1.00654953 -0.10562073  0.91247411
 -6.2559331 ]
[ 3.07279371 -0.59604415 -3.09944738  1.0810839  -0.24669937 -0.913812
  3.28896792]
[-0.00828229  1.62922623  3.1         1.09932056  0.49090652 -0.27507915
 -0.45444145]
[-0.30589981  1.52046524 -0.52873039 -1.06270007  2.98201822 -0.20282391
  0.73359008]
[ 3.06877895 -0.65534051 -3.06922252  1.12816623  2.90971186  1.01186755
 -6.19190489]
[ 0.36391352  0.76118191 -0.81176852  0.96981731  0.07020334 -0.87899559
  3.63931957]
[-2.77460021 -0.82735951 -0.71900033 -0.6262506   3.1        -1.65570551
  5.85835395]
[ 2.87237631 -1.61831552  2.70821695 -1.0770769   3.0999997  -0.14266371
 -5.78503664]
[ 2.92328807 -0.67147584  0.07782565 -0.77536367 -1.3719166   1.54803948
  3.82625244]
[-2.4653899  -0.9338528  -1.57029277 -1.44268165  0.20827348  1.12516758
 -5.24215601]
[ 2.78322243 -0.51450419 -2.67969324  1.38661221 -0.31373115 -1.06146344
  3.08791899]
[-0.35451938  1.47241797  2.34233295  1.07986545  2.47768081  0.3158868
  4.59221819]
[ 2.65695277 -0.52660927 -2.50252626  1.44814393 -0.34650183 -1.07962758
  3.01140475]
[-0.76944538  0.9064792   1.51022321  1.3638532  -0.51883583 -0.7765685
 -3.87003931]
[-2.94030039 -0.74742348  2.66243426  0.84114621  3.09999906  0.80854168
  0.35194169]
[-0.53364539  1.3418719  -1.21417449 -1.14596029 -0.82049169  0.51783291
  5.17727228]
[ 2.36071298 -1.38440859 -1.09512274  1.62457257 -0.46583318 -0.66572918
  1.66594257]
[ 2.93297366 -0.7420766   0.43091918 -0.78425865  2.71595878 -0.70060082
  3.1689648 ]
[-2.9639105  -1.60096925  0.40354865  1.04318522  0.86388715 -0.42059511
  5.03690821]
[-0.41704702  0.69673585 -2.42069423 -1.28274777 -0.38852076  1.02932188
 -0.25375342]
[ 0.44668588  0.8566188  -0.9297517   1.03911628  0.1950045  -0.96416261
  3.64265416]
[ 0.22681263  0.39752128  0.43662261  0.18280744 -0.26766909  1.34263659
 -0.06320743]
[ 2.47395798 -1.02128061 -1.66667231  1.37627737 -0.57753863 -0.86553514
  2.33752746]
[ 2.82115954 -0.95937001 -2.00085964  1.01571954 -0.50655112 -0.82629291
  2.49679745]
[-0.17362335  1.601218    2.87622824  1.12152582 -2.8490819   0.2517528
 -3.13571749]
[ 3.0425308  -0.54023691 -3.1         1.27849009 -0.24579418 -1.05769433
  3.28199791]
[ 2.48315267 -0.99787064 -1.62869769  1.36940804  2.61343413  0.84021408
  5.42693515]
[-0.09611882  0.38386696  0.05622752  0.98863391  0.99192007  0.52588184
  2.61107406]
[ 3.06985068 -0.70718047 -2.99060606  0.99173743  2.89766591  0.91373404
 -6.24663097]
[ 0.43953427  0.8585431  -0.91807094  1.1226929   0.18295329 -1.05264069
  3.65618918]
[-3.1        -1.5497512   0.24946456  0.9305475   0.98488572 -0.35609067
 -1.18426492]
[-0.46427467  0.88465057  1.1566186   1.14770289 -0.49766579 -0.84890522
  2.56115321]
[ 3.03070077 -1.59565114 -0.26298818  0.9943987   0.24272568 -0.14264019
 -6.27942326]
[-0.18648263  1.33989531 -0.4585543  -0.73326373 -2.98309531 -0.08639418
  0.34346885]
[ 2.56167878 -1.10500074 -1.57381755  1.30318889 -0.59721538 -0.8090875
  2.20455021]
[ 3.05755671 -0.53018707 -3.1         1.21723553 -0.2439678  -0.98523803
  3.28530574]
[ 2.46352626 -1.06361232 -1.5672999   1.3845288  -0.57370907 -0.82060344
  2.24194375]
[ 0.48590505  0.74168172 -0.84179154  1.20969436  0.11909562 -1.05044705
  3.57124441]
[ 3.09882952 -0.68853088 -2.94558735  1.15723046 -0.18963626 -1.04573859
  3.05761206]
[-0.36489698  1.62586929 -0.53842831 -1.27791153 -0.14118831  0.29770276
  3.85743035]
[0.         0.         0.         0.52359878 0.         1.04719755
 1.74532925]
[ 3.05819893 -1.70807316  3.0999999  -1.20885775  0.60569222  0.31723702
  2.63235818]
[-0.36105592  1.47056353 -0.75926854 -1.0064312   2.38500221 -0.23356581
  1.53158247]
[ 3.04727855 -0.50873469 -3.1         1.39253281 -0.23074294 -1.13688474
  3.25477892]
[ 3.05094519 -0.59766021 -3.1         1.29594173 -0.23279032 -1.12882074
  3.25388261]
[ 2.84205534 -0.5845875  -2.77166251  1.39186889 -0.31332863 -1.15191496
  3.10343013]
[-2.52516829 -1.1402639   1.47261034  1.35769354  0.39736004 -1.05684244
  4.26636663]
[ 2.44637608 -1.18650329 -1.4041889   1.42128615 -0.60330336 -0.75555699
  2.07751598]
[ 2.69395497 -0.99765242 -1.83815112  1.16030691 -0.54957    -0.85265551
  2.40210974]
[ 3.04208333 -0.52290059 -3.1         1.29837472 -0.2449849  -1.06022562
  3.28154185]
[ 2.83764217 -0.88325749 -2.21351444  1.0705653  -0.43584917 -0.91336566
  2.64226754]
[ 2.60726994 -0.95494619 -1.74941994  1.276593   -0.48845862 -0.86152376
  2.32452141]
[ 3.1        -0.69717165 -3.01046641  1.01463136 -0.21521325 -0.92591405
 -3.12641825]
[ 2.70146689 -0.67496464 -2.3950972   1.07766881 -0.45403482 -0.81472942
  2.99639574]
[ 3.01898293 -1.56347847 -0.28778088  1.01470289 -2.98521977  0.18783754
 -3.01974913]
[ 3.05087146 -0.49476014 -3.1         1.3128694  -0.23868442 -1.04505775
  3.27537439]
[-3.04320557 -0.66627811 -0.3892719  -1.14127936  2.50637421 -1.86673413
  5.88396298]
[ 2.60729351 -0.84367078 -1.94352201  1.37639808 -0.42347934 -0.99511795
  2.46823977]
[-2.73416148 -0.69556645 -0.77044812 -1.25471741 -3.1        -1.09975397
 -2.69443847]
[ 0.4471399   0.69162719 -0.60963123  1.26424717  0.0946363  -1.10280017
  3.37829214]
[ 0.51672999  0.81349775 -0.9709493   1.15948298  0.18337998 -1.01684385
  3.65108164]
[-0.41022283  1.31462781 -0.78257872 -0.96626456 -0.35011395  0.23837132
 -1.88681229]
[ 0.11376844  1.5473815  -2.84854242  0.96912643  0.84975396 -0.36592353
 -1.12892775]
[-0.23567759  1.44212351 -0.47724098 -0.91438525  3.1        -0.1534271
  0.5615419 ]
[ 0.22051676  0.73158127 -0.62146582  0.94480196  3.09985395  0.89588751
  0.47746415]
[ 0.5293528   0.80325259 -0.98909625  1.14763017  0.18069756 -0.99030841
  3.6573621 ]
[ 1.11499293 -0.23985546 -0.9221453   1.61250833  0.75255238  0.25393342
 -0.51149255]
[ 2.48007544 -0.99759494 -1.61713756  1.42856257 -0.49862074 -0.88469041
  2.23757384]
[ 0.44199916  0.64940093 -0.58339352  1.29446949  0.07002052 -1.10102323
  3.36273585]
[-0.27151637  0.75857391  0.53298726  0.93146719  2.71787389  0.82480902
 -0.07375015]
[ 0.75220137  0.05699464 -0.57773299  1.68093373 -0.77796739 -0.592974
  0.02731723]
[ 0.1521941   0.8022805   2.4094746  -0.63441643  3.09999999 -0.67525385
  3.78529099]
[-2.7502791  -0.93444257  1.87599331  0.86651033 -2.89058631  0.80882265
 -5.46672564]
[ 2.65232402 -0.51906392 -2.52707778  1.51197562 -0.34505061 -1.14222034
  3.01971362]
[ 0.42608375  0.70943021 -0.55325283  1.22439172  0.10037148 -1.08903071
  3.33424884]
[ 0.14191014  0.60442031 -0.18210816  1.27239409 -0.09651866 -1.10203676
  3.25107662]
[-0.46599542  0.90488888  1.22081152  0.9335102   1.4485428   1.14189602
 -3.71854728]
[-2.85672913 -1.55815813  0.64029818  1.03831716  0.86402883 -0.51780082
  4.79255376]
[ 2.53328488 -0.98149575 -1.68008494  1.3655278  -0.50295226 -0.8815297
  2.2838372 ]
[ 2.91384353 -1.67261822 -0.33294329  1.13186672 -2.90549352  0.16872264
 -3.02176269]
[ 0.37345485  0.91589821  1.92149888 -0.79313034  0.23788134  0.74752202
  0.77897615]
[ 1.16513254  0.51165692 -1.78124038  1.55421576 -0.74916929 -1.10380586
  0.55352422]
[ 0.28778618  1.54415913 -2.47933734  1.06684658  0.81179652 -0.55339061
  4.82967518]
[ 3.09262769 -1.66171752  3.03000453 -1.15715945 -2.76279977 -0.27668094
 -0.27246571]
[-0.17017003  1.53608077 -0.19829007 -1.08574292  0.45011891  0.30205908
 -3.32008856]
[ 0.37467601  1.26675151  0.98942176 -1.04729103  0.50268047  0.73780907
  1.57826007]
[ 2.59919174 -1.35427775  1.92543074 -1.08499461 -0.93933451  0.47670674
  5.30554215]
[ 0.32947755  0.86753455 -0.89433207  1.00313087  0.13379557 -0.99506295
  3.72061934]
[ 0.50193384  0.59113066 -0.63688811  1.43277319  0.06152634 -1.17110239
  3.37399432]
[ 0.4900115   1.07722895 -1.47034046  1.04482502  0.4053958  -0.91593123
 -2.23102882]
[ 3.06951223 -0.49622209 -3.1         1.38638479 -0.21528438 -1.11444019
  3.2363462 ]
[ 0.44272743  0.71385518 -0.60268361  1.23915963  0.10691672 -1.09830758
  3.37030867]
[ 0.45934901  0.83169034 -0.93578335  1.08122797  0.17551092 -0.98258311
  3.65292068]
[ 0.55266978  0.76271541 -1.01566857  1.27622538  0.14093038 -1.07909679
  3.69565615]
[ 0.27100115  0.65821355 -0.53693221  1.1072133   3.09999305  0.97488619
  0.35073609]
[ 3.07774164 -0.53801077 -3.09989681  1.32216162 -0.21321849 -1.09103826
  3.23334547]
[ 2.48009448 -1.24266629 -1.31230501  1.44992964 -0.5653747  -0.74323572
  1.92332448]
[ 0.45686065  0.48302594 -0.56409125  0.99178874 -2.27698607  0.28566338
  1.4596977 ]
[-0.53283912  1.22873758 -1.29718372 -1.02630436 -0.82890973  0.47796096
 -0.94433999]
[ 3.1        -0.22605586 -2.64162151  1.46205642 -2.35003079  0.79204861
  1.11602994]
[ 3.1        -1.58947222 -0.11872016  1.06859803 -2.75833619  0.25952428
 -3.41432939]
[ 2.66258169 -0.72196478 -2.1108      1.35581957 -0.34280617 -0.99600413
  2.59552066]
[ 0.52236423  0.9045736  -1.03262679  0.98093656  0.29424702 -0.88468
  3.62789648]
[ 2.40598298 -1.2331047  -1.307984    1.52631641 -0.54620806 -0.76198107
  1.93655926]
[ 3.02249764 -1.70462082 -0.23337618  1.17929721  0.21254173 -0.22193826
 -6.27999697]
[ 2.55063238 -0.90988209 -1.83038115  1.24351581 -0.53474759 -0.83372736
  2.49644588]
[ 0.38646669  0.65910412 -0.45449853  1.21991661  0.0613453  -1.05658463
  3.27628901]
[ 2.62978461 -0.52235155 -2.47420198  1.45110856 -0.354929   -1.07017872
  3.01076775]
[ 0.20251035  0.26220947  0.51863017  1.02265366 -0.98904031  0.86146031
  2.04544626]
[-2.86701394 -0.79472522  2.48178361  1.02459064 -3.1         1.0039258
 -5.85252001]
[-2.24874563 -1.4350563   1.28227208  1.23182061  1.4765067  -1.3156925
  1.29544864]
[ 0.2867365   0.76534357 -0.22175782  1.04183537  0.05054661 -1.00804395
  3.12067433]
[ 0.4186476   0.65275575 -0.52212978  1.26334855  0.06828466 -1.0828525
  3.31848165]
[ 2.48705737 -1.31192796  2.38772233 -1.465536    0.02138376  0.56632676
 -2.0973672 ]
[ 0.05316131  1.61517927 -3.1         1.03478733 -2.5171774   0.25355244
  2.45319258]
[ 0.49090949  0.8479306  -0.94691261  1.09877826  0.20755043 -0.99460237
  3.62975954]
[ 3.07613379 -0.55775209 -3.09941818  1.23131493 -0.22401144 -1.02185465
  3.25256819]
[-0.15752612  1.67124941  2.87448822  1.12256604  0.26577003 -0.18711593
 -6.27999999]
[-0.11959978  0.44885317  0.21663296  1.0040773  -0.57020354 -0.19785153
  4.02371768]
[-3.1        -0.57801552 -0.17227634 -1.20864693  2.95789211 -1.03534156
  3.36417619]
[-0.48531353  0.9508084  -1.95661721 -1.04124282 -0.62702083  0.77672122
 -0.49003327]
[-0.41962403  1.01146174  1.43531487  1.01156001 -0.58402929 -0.68164988
 -3.93926733]
[ 0.56598001  0.89996351 -1.16074402  1.04793761  0.28750792 -0.89475298
  3.73891464]
[ 2.4815271  -1.20312757 -1.3628203   1.4131548  -0.57651566 -0.74500134
  1.99927166]
[ 2.50504661 -0.9897876  -1.68847178  1.40615745 -0.51999936 -0.90989993
  2.30102236]
[ 2.92939243 -1.31115225  0.0428881   1.05652519  1.54011393 -1.47294709
 -2.97535999]
[ 0.43176667  0.88795803 -0.89432837  1.04191115  0.21352139 -1.00088277
  3.61340247]
[ 0.3918817   0.83760449 -1.06230674  1.03314563  0.13187425 -0.95528187
  3.8448731 ]
[-2.62891462 -1.08739746  1.49675015  1.15440006 -2.77513779  0.94570926
 -5.16738701]
[ 0.16737702  0.75559152 -0.47143893  0.81047025 -0.06619082 -0.79703616
  3.52776587]
[ 2.41416503 -1.21363725 -1.3160333   1.46290455 -0.56199784 -0.72069832
  1.98128285]
[ 0.44017341  0.60744016 -0.53019345  1.33266897  0.05663809 -1.1069348
  3.31362279]
[ 2.48655793 -1.00858309 -1.62645396  1.42111043 -0.51415935 -0.88699183
  2.2467508 ]
[ 2.95931931 -1.61796912 -0.34586589  1.01004597  0.10576217 -0.10979535
 -6.04568762]
[-0.11383776  1.67467273  3.06875085  1.19744017  0.57634365 -0.32610518
 -0.43631021]
[ 2.81807461 -0.5188939  -2.73318913  1.3876141  -0.30447892 -1.0792915
  3.10569313]
[ 2.90304985 -0.57758627 -2.82884486  1.37689956 -0.28015754 -1.14195437
  3.10654534]
[ 0.41139088  0.72037295 -0.56933045  1.19079618  0.09483567 -1.06736057
  3.36174684]
[ 2.93731724 -0.5813265  -2.86766489  1.38039018 -0.26305895 -1.15579975
  3.1099836 ]
[-0.28602072  1.3898359  -0.52347323 -0.91176893 -3.1        -0.17280526
 -5.71737318]
[ 0.38343866  0.74352832 -0.52422371  1.13242741  0.09485764 -1.04057774
  3.33484576]
[-0.06560075  1.76798157  3.1         1.40143128  0.40397266 -0.43063552
  5.97025817]
[-0.24015415  1.45560704  2.61567773  0.88343077 -0.37117752 -0.11710398
 -5.36026683]
[ 0.52013962  0.94379878 -1.11724457  1.0051694   0.31797364 -0.91091509
  3.7103893 ]
[-3.08368071 -0.68663125 -3.09073769  1.0065459  -0.13724581 -0.90787154
  3.12112126]
[ 3.07279371 -0.59604415 -3.09944738  1.0810839  -0.24669937 -0.913812
  3.28896792]
[ 0.39191562  0.75549402 -0.79650613  1.09933004 -3.06180311  0.99301872
  0.46434803]
[-0.40729215  1.44385388 -0.76813662 -1.06269885 -0.55390236  0.25965624
  4.51742608]
[ 3.05275005 -1.65515536 -0.10296178  1.1281668  -2.59895822  0.26504281
  2.73183372]
[ 0.36391486  0.76118394 -0.81177336  0.96981665  0.07020646 -0.87899667
  3.63932072]
[ 0.34296627  1.27362933  0.62473734 -0.62631751  1.70298033  1.24720105
 -3.19750928]
[-2.77172509 -1.43039651 -2.15508619 -1.07705533 -2.42086777 -0.7285257
 -1.690385  ]
[-0.10124071  0.6765756   2.9252541  -0.77530874  1.96632828 -1.63339071
  0.71083515]
[-3.1        -0.44053013 -0.15857841 -1.44268589 -0.19510097  1.13054015
  0.19297343]
[ 2.78322243 -0.51450419 -2.67969324  1.38661221 -0.31373115 -1.06146344
  3.08791899]
[-2.61093453 -1.22355574  1.32389548  1.07986531 -2.611356    0.80531024
 -5.12429533]
[ 2.65695277 -0.52660927 -2.50252626  1.44814393 -0.34650183 -1.07962758
  3.01140475]
[ 0.02281036  1.66428558  0.14199379 -1.36385725  0.48516473  0.55162198
 -3.68565488]
[-0.29132559  0.80375319  0.79639055  0.84111892 -0.48112733 -0.69436193
  2.88790247]
[ 2.5771937  -1.05582869  1.41450391 -1.14596761  2.45643153 -0.76283243
 -3.81764006]
[ 2.36071978 -1.38442673 -1.09509895  1.624572   -0.46582081 -0.66570919
  1.66590883]
[-2.96550273 -1.35466401  0.58968952  0.7842603  -2.31023165  0.45057838
  1.70551583]
[ 2.9565915  -1.60945553  2.78435073 -1.04318842 -3.1        -0.14941032
 -5.97036512]
[ 0.26039567  1.66927996  0.49769279 -1.28275194  0.68733955  0.56677756
 -4.2743973 ]
[ 0.44667703  0.85661399 -0.92973204  1.03911443  0.19499306 -0.96416861
  3.64264512]
[ 0.22681263  0.39752128  0.43662261  0.18280744 -0.26766909  1.34263659
 -0.06320743]
[ 2.47395775 -1.02128237 -1.66666952  1.37627745 -0.57753902 -0.86553389
  2.33752478]
[ 2.82115954 -0.95937001 -2.00085964  1.01571954 -0.50655112 -0.82629291
  2.49679745]
[-0.47528047  0.7672345   0.9343784   1.12152415 -0.48017083 -0.84589945
 -3.46806375]
[ 3.0425308  -0.54023691 -3.1         1.27849009 -0.24579418 -1.05769433
  3.28199791]
[ 2.55083152 -0.78309916  1.14719932 -1.36940664  2.70710046 -0.9662673
 -3.69313321]
[-0.09611882  0.38386696  0.05622752  0.98863391  0.99192007  0.52588184
  2.61107406]
[ 2.73944255 -0.85657457 -2.16080279  0.99171046 -0.52843088 -0.78480169
 -3.52099255]
[ 0.43953427  0.8585431  -0.91807094  1.1226929   0.18295329 -1.05264069
  3.65618918]
[-2.86091627 -1.39796147  0.8809073   0.93053926  0.77587552 -0.62848141
 -1.6502365 ]
[-0.09817777  1.64886901  2.86972789  1.14770895 -3.1         0.24437897
 -2.95205002]
[-0.47471423  1.11874429  1.56409808  0.99438958 -0.75151182 -0.62001671
  2.36839222]
[ 2.76078823 -0.90955705 -1.90171041  0.73326068 -0.71032882 -0.50229499
 -3.55540498]
[ 2.56167892 -1.10500371 -1.57381368  1.30318848 -0.59721813 -0.80908584
  2.20454689]
[ 3.05755615 -0.53018772 -3.1         1.21723488 -0.24396952 -0.98523924
  3.28530686]
[ 2.46352603 -1.06361097 -1.5673016   1.38452886 -0.57370869 -0.82060375
  2.2419455 ]
[ 0.48590321  0.74168032 -0.84178738  1.2096944   0.11909352 -1.05044732
  3.57124211]
[ 3.09882938 -0.68853144 -2.94558724  1.15722995 -0.18963685 -1.04573948
  3.05761135]
[ 0.57061597  1.08186731  1.53579987 -1.27795069  0.35516123  1.03455467
 -5.20285323]