[array([ 2.78000000e-01, -4.61434818e-05,  6.78221426e-01]), 0.40963855421686746]
[array([0.47366632, 0.00530076, 0.51128911]), 0.13253012048192772]
[array([0.49406114, 0.01601511, 0.52703057]), 0.3614457831325301]
[array([0.44265788, 0.00477979, 0.51764378]), 0.3614457831325301]
[array([0.46252833, 0.00397317, 0.50722275]), 0.3614457831325301]
[array([0.45037089, 0.00286097, 0.50045048]), 0.3614457831325301]
[array([0.4541026 , 0.01296343, 0.50578259]), 0.08433734939759036]
[array([0.44589113, 0.02158634, 0.50174538]), 0.3614457831325301]
[array([0.48273832, 0.05855694, 0.50364356]), 0.3614457831325301]
[array([0.45045162, 0.00212917, 0.5319455 ]), 0.3614457831325301]
[array([0.4941829 , 0.06390961, 0.50315308]), 0.3614457831325301]
[array([0.49186854, 0.03452708, 0.52985269]), 0.04819277108433735]
[array([4.70463528e-01, 5.13590683e-04, 5.54747416e-01]), 0.3614457831325301]
[array([0.48915306, 0.03218963, 0.53582214]), 0.0]
[array([0.44507768, 0.00557383, 0.5382318 ]), 0.3614457831325301]
[array([0.3611039 , 0.09271741, 0.51499394]), 0.3373493975903614]
[array([0.46518084, 0.02417712, 0.5169733 ]), 0.04819277108433735]
[array([0.46734385, 0.0660313 , 0.50341181]), 0.1686746987951807]
[array([0.47830096, 0.04744981, 0.51669487]), 0.20481927710843373]
[array([0.47321612, 0.00594723, 0.57574746]), 0.060240963855421686]
[array([0.49427403, 0.01907543, 0.53659071]), 0.3493975903614458]
[array([0.48996873, 0.0164255 , 0.557963  ]), 0.07228915662650602]
[array([0.48933942, 0.00788098, 0.55173988]), 0.04819277108433735]
[array([0.47652796, 0.04982507, 0.52404895]), 0.1927710843373494]
[array([0.33823132, 0.05010679, 0.50265838]), 0.10843373493975904]
[array([0.44125129, 0.0398101 , 0.50900574]), 0.3373493975903614]
[array([0.4972519 , 0.01055002, 0.53902532]), 0.3493975903614458]
[array([0.35314057, 0.13980593, 0.50653915]), 0.0963855421686747]
[array([4.98446855e-01, 5.14388309e-04, 5.91062252e-01]), 0.03614457831325301]
[array([0.49617094, 0.01669535, 0.55638196]), 0.012048192771084338]
[array([0.42569483, 0.00088613, 0.51014962]), 0.3253012048192771]
[array([0.47326442, 0.07296503, 0.5009768 ]), 0.1686746987951807]
[array([0.46480065, 0.03918392, 0.51138411]), 0.18072289156626506]
[array([0.37534821, 0.12131413, 0.54400794]), 0.21686746987951808]
[array([0.49670072, 0.02430281, 0.51177723]), 0.024096385542168676]
[array([0.45097726, 0.04528213, 0.50954557]), 0.3132530120481928]
[array([0.48651829, 0.00551169, 0.50574905]), 0.012048192771084338]
[array([0.4983809 , 0.02394887, 0.56700983]), 0.060240963855421686]
[array([0.36420762, 0.08369424, 0.54551064]), 0.08433734939759036]
[array([0.49109169, 0.0185447 , 0.51660595]), 0.012048192771084338]
[array([0.47708683, 0.03060422, 0.52151535]), 0.04819277108433735]
[array([0.46867187, 0.00389904, 0.55642927]), 0.060240963855421686]
[array([4.68443606e-01, 3.15112504e-04, 5.65489568e-01]), 0.0]
[array([0.49429951, 0.00446847, 0.50115887]), 0.12048192771084337]
[array([0.49886382, 0.01024737, 0.51614756]), 0.1566265060240964]
[array([0.49361119, 0.02108373, 0.51731432]), 0.20481927710843373]
[array([0.44149728, 0.01205955, 0.52290212]), 0.3493975903614458]
[array([0.47195711, 0.0689104 , 0.50019337]), 0.1686746987951807]
[array([0.48765441, 0.0419981 , 0.51983795]), 0.20481927710843373]
[array([0.4613257 , 0.03646308, 0.51810138]), 0.20481927710843373]
[array([0.45227655, 0.01392235, 0.52211964]), 0.3614457831325301]
[array([0.44050976, 0.03264233, 0.50322579]), 0.3373493975903614]
[array([0.48994775, 0.00933818, 0.5302015 ]), 0.07228915662650602]
[array([0.40226278, 0.05992853, 0.53663395]), 0.04819277108433735]
[array([0.48114307, 0.03345595, 0.53819373]), 0.012048192771084338]
[array([0.42828763, 0.02098355, 0.5014523 ]), 0.3614457831325301]
[array([0.48123168, 0.02865802, 0.50443021]), 0.0963855421686747]
[array([0.4652884 , 0.02650598, 0.52040673]), 0.3614457831325301]
[array([0.46864583, 0.0750165 , 0.51305003]), 0.1686746987951807]
[array([0.42931811, 0.00098127, 0.52400701]), 0.3373493975903614]
[array([0.38860997, 0.14082556, 0.50603874]), 0.1566265060240964]
[array([0.49632212, 0.01835824, 0.51666794]), 0.024096385542168676]
[array([0.33936004, 0.13917671, 0.51284433]), 0.6265060240963856]
[array([0.49425846, 0.09540436, 0.50062698]), 0.13253012048192772]
[array([0.49088357, 0.03887028, 0.52621655]), 0.08433734939759036]
[array([0.48787883, 0.05111999, 0.51269838]), 0.20481927710843373]
[array([0.46029569, 0.01272442, 0.53393974]), 0.3614457831325301]
[array([0.48701328, 0.01895486, 0.50894228]), 0.07228915662650602]
[array([0.4637776 , 0.00726753, 0.53313866]), 0.3614457831325301]
[array([0.49415928, 0.01922697, 0.51698737]), 0.14457831325301204]
[array([0.44539967, 0.0310528 , 0.50594529]), 0.3614457831325301]
[array([0.4483572 , 0.03985598, 0.5011887 ]), 0.3614457831325301]
[array([0.3355271 , 0.09503469, 0.53144584]), 0.024096385542168676]
[array([0.49936158, 0.04573227, 0.50245775]), 0.20481927710843373]
[array([0.48425443, 0.00666637, 0.54016827]), 0.03614457831325301]
[array([0.47136839, 0.00458705, 0.5331647 ]), 0.060240963855421686]
[array([0.49986541, 0.02073133, 0.56082819]), 0.012048192771084338]
[array([0.43568295, 0.01621886, 0.50882047]), 0.3614457831325301]
[array([0.44407945, 0.03923691, 0.5055015 ]), 0.3614457831325301]
[array([0.49999049, 0.01794577, 0.51190259]), 0.012048192771084338]
[array([0.47048196, 0.00092346, 0.52159516]), 0.27710843373493976]
[array([0.44056288, 0.00570254, 0.52365994]), 0.3493975903614458]
[array([0.45199305, 0.01120297, 0.50343652]), 0.3614457831325301]
[array([0.47718431, 0.06774294, 0.50470364]), 0.18072289156626506]