[array([ 2.78000000e-01, -4.61434818e-05,  6.78221426e-01]), 0.3554913294797688]
[array([0.41672019, 0.05337073, 0.5580243 ]), 0.0]
[array([0.37430186, 0.03110452, 0.51843052]), 0.04335260115606936]
[array([0.47366627, 0.00530081, 0.51128921]), 0.14739884393063585]
[array([0.49406113, 0.01601514, 0.52703058]), 0.24855491329479767]
[array([0.44462021, 0.02181072, 0.53565685]), 0.21098265895953758]
[array([0.39239905, 0.03203369, 0.52033965]), 0.06069364161849711]
[array([0.48313824, 0.00997878, 0.58069851]), 0.0838150289017341]
[array([0.44887658, 0.0124387 , 0.55907172]), 0.08670520231213873]
[array([0.33658956, 0.11983149, 0.60957284]), 0.21098265895953758]
[array([0.40095571, 0.00625858, 0.55084217]), 0.06069364161849711]
[array([0.39473101, 0.07858195, 0.50262035]), 0.18497109826589594]
[array([0.44265788, 0.00477979, 0.51764378]), 0.24566473988439305]
[array([0.46252833, 0.00397317, 0.50722275]), 0.2745664739884393]
[array([0.4160889 , 0.01538224, 0.58748874]), 0.16184971098265896]
[array([0.48876687, 0.00095924, 0.6396392 ]), 0.06647398843930635]
[array([0.340233  , 0.00940185, 0.63385983]), 0.0]
[array([0.36950388, 0.02240336, 0.51152674]), 0.06936416184971098]
[array([0.45037089, 0.00286097, 0.50045048]), 0.2658959537572254]
[array([0.39416807, 0.00306857, 0.52039095]), 0.2514450867052023]
[array([0.45388392, 0.00183006, 0.56665505]), 0.22832369942196531]
[array([0.4541026 , 0.01296344, 0.50578259]), 0.09826589595375723]
[array([0.42035448, 0.00735658, 0.53722382]), 0.07225433526011561]
[array([0.4808705 , 0.02462739, 0.55513327]), 0.046242774566473986]
[array([0.47444318, 0.04863802, 0.53112713]), 0.07803468208092486]
[array([0.47846831, 0.0403644 , 0.61004632]), 0.04335260115606936]
[array([0.44895806, 0.0474886 , 0.53728861]), 0.19653179190751446]
[array([0.44589113, 0.02158634, 0.50174538]), 0.2861271676300578]
[array([0.48273832, 0.05855694, 0.50364356]), 0.2398843930635838]
[array([0.39389617, 0.00205237, 0.52749614]), 0.24855491329479767]
[array([0.43260742, 0.01063123, 0.55328771]), 0.16184971098265896]
[array([0.37038602, 0.00113557, 0.53762411]), 0.21098265895953758]
[array([0.42379337, 0.03486787, 0.53371128]), 0.15895953757225434]
[array([0.42234083, 0.02062628, 0.54997315]), 0.031791907514450865]
[array([0.45045162, 0.00212917, 0.5319455 ]), 0.24566473988439305]
[array([0.33843545, 0.10945677, 0.59242327]), 0.08670520231213873]
[array([0.41651445, 0.03484895, 0.52543035]), 0.023121387283236993]
[array([0.46120736, 0.05463258, 0.51602515]), 0.19653179190751446]
[array([0.49186956, 0.03452606, 0.52985369]), 0.2254335260115607]
[array([4.70463528e-01, 5.13590683e-04, 5.54747416e-01]), 0.27167630057803466]
[array([0.48915306, 0.03218963, 0.53582214]), 0.06936416184971098]
[array([0.42170003, 0.01548322, 0.53895603]), 0.02023121387283237]
[array([0.47269144, 0.00145272, 0.64615378]), 0.03468208092485549]
[array([0.40876418, 0.07036382, 0.50257991]), 0.1936416184971098]
[array([0.44507768, 0.00557383, 0.5382318 ]), 0.2254335260115607]
[array([0.42788005, 0.06605558, 0.51464466]), 0.18497109826589594]
[array([0.49602553, 0.00720764, 0.61091638]), 0.05202312138728324]
[array([0.36110165, 0.09271098, 0.51499105]), 0.08959537572254335]
[array([0.44587853, 0.0631155 , 0.53588104]), 0.19653179190751446]
[array([0.36040079, 0.16363902, 0.51649468]), 0.08959537572254335]
[array([0.39653218, 0.01904489, 0.52914618]), 0.20520231213872833]
[array([0.35715228, 0.01606917, 0.51343911]), 0.04046242774566474]
[array([0.45144195, 0.0535831 , 0.50319787]), 0.2543352601156069]
[array([0.34958045, 0.14130753, 0.51468483]), 0.16184971098265896]
[array([0.45133546, 0.00778298, 0.56923335]), 0.028901734104046242]
[array([0.46518087, 0.02417708, 0.51697325]), 0.10404624277456648]
[array([0.41649319, 0.03509172, 0.52381614]), 0.21098265895953758]
[array([0.33567527, 0.16162774, 0.66429465]), 0.2861271676300578]
[array([0.44942076, 0.05814239, 0.52305713]), 0.2254335260115607]
[array([0.46734385, 0.0660313 , 0.50341181]), 0.1994219653179191]
[array([0.3488254 , 0.1183714 , 0.50145409]), 0.24277456647398843]
[array([0.43245468, 0.0067709 , 0.54371365]), 0.10115606936416185]
[array([0.45270963, 0.04115569, 0.54926419]), 0.20520231213872833]
[array([0.47830096, 0.04744981, 0.51669487]), 0.2138728323699422]
[array([0.33806034, 0.10752716, 0.51519835]), 0.13872832369942195]
[array([0.41973095, 0.00617292, 0.58743851]), 0.1791907514450867]
[array([0.45671758, 0.06075801, 0.54862493]), 0.1994219653179191]
[array([0.47321586, 0.0059472 , 0.57574745]), 0.0953757225433526]
[array([0.49188186, 0.03608224, 0.60769195]), 0.014450867052023121]
[array([0.39540845, 0.01532819, 0.50670623]), 0.30057803468208094]
[array([0.43727923, 0.0366119 , 0.51721934]), 0.2254335260115607]
[array([0.4514319 , 0.03914862, 0.56302278]), 0.11849710982658959]
[array([0.47291865, 0.07377124, 0.55146363]), 0.1994219653179191]
[array([0.4590695 , 0.02892357, 0.58754366]), 0.07225433526011561]
[array([0.46180315, 0.03511444, 0.58728227]), 0.028901734104046242]
[array([0.44960067, 0.00689278, 0.59931002]), 0.06358381502890173]
[array([0.49427453, 0.01907547, 0.53659095]), 0.1069364161849711]
[array([0.43962922, 0.05899593, 0.51064771]), 0.20520231213872833]
[array([0.48996966, 0.01642604, 0.55796284]), 0.15895953757225434]
[array([0.34767517, 0.12892158, 0.51323719]), 0.16473988439306358]
[array([0.43641056, 0.03106323, 0.58728805]), 0.002890173410404624]
[array([0.40475016, 0.00820614, 0.51705777]), 0.2543352601156069]
[array([0.42204313, 0.01654422, 0.5287767 ]), 0.22254335260115607]
[array([0.45165439, 0.04187945, 0.53790408]), 0.21965317919075145]
[array([0.40267481, 0.02431691, 0.54500269]), 0.011560693641618497]
[array([0.48933941, 0.00788095, 0.55173987]), 0.046242774566473986]
[array([0.44350752, 0.06086875, 0.52986203]), 0.1994219653179191]
[array([0.47652796, 0.04982507, 0.52404895]), 0.2138728323699422]
[array([0.33823132, 0.05010679, 0.50265838]), 0.11271676300578035]
[array([0.44221035, 0.00268692, 0.59427322]), 0.2138728323699422]
[array([0.44125129, 0.0398101 , 0.50900574]), 0.26878612716763006]
[array([0.47774444, 0.07231004, 0.5595019 ]), 0.1936416184971098]
[array([0.36001424, 0.00103559, 0.59869364]), 0.22254335260115607]
[array([0.46321905, 0.0025282 , 0.61068539]), 0.0838150289017341]
[array([0.42716522, 0.01224744, 0.53856558]), 0.2514450867052023]
[array([0.47380182, 0.05784739, 0.55353605]), 0.2023121387283237]
[array([0.46035175, 0.06454312, 0.50967525]), 0.19653179190751446]
[array([0.49677882, 0.02495667, 0.62044282]), 0.046242774566473986]
[array([0.49945978, 0.04542322, 0.60420859]), 0.014450867052023121]
[array([0.3903757 , 0.01461372, 0.50490284]), 0.3063583815028902]
[array([0.46165588, 0.0416869 , 0.55931911]), 0.21965317919075145]
[array([4.01720513e-01, 2.65931866e-04, 5.22902984e-01]), 0.2658959537572254]
[array([0.4972519 , 0.01055002, 0.53902532]), 0.17341040462427745]
[array([0.36517287, 0.000748  , 0.52593113]), 0.315028901734104]
[array([0.35314057, 0.13980593, 0.50653915]), 0.17341040462427745]
[array([4.98446855e-01, 5.14247650e-04, 5.91062266e-01]), 0.07514450867052024]
[array([0.46210769, 0.03483966, 0.59931838]), 0.11849710982658959]
[array([0.49617116, 0.01669521, 0.55638207]), 0.11849710982658959]
[array([0.42569483, 0.00088613, 0.51014962]), 0.24566473988439305]
[array([0.47326442, 0.07296503, 0.5009768 ]), 0.1907514450867052]
[array([0.42105342, 0.04161075, 0.51900533]), 0.23410404624277456]
[array([0.42609493, 0.0520926 , 0.5206989 ]), 0.2023121387283237]
[array([0.46480065, 0.03918392, 0.51138411]), 0.22254335260115607]
[array([0.44181791, 0.00334503, 0.55230166]), 0.02601156069364162]
[array([0.43196047, 0.07303473, 0.50355068]), 0.18786127167630057]
[array([0.37534692, 0.12131196, 0.54400327]), 0.03757225433526012]
[array([0.43946598, 0.02752557, 0.54726186]), 0.0838150289017341]
[array([0.44006899, 0.0034424 , 0.60675747]), 0.05491329479768786]
[array([0.33366562, 0.11215321, 0.52647489]), 0.11849710982658959]
[array([0.49670081, 0.02430279, 0.51177705]), 0.10404624277456648]
[array([0.34595225, 0.00868847, 0.54696754]), 0.13872832369942195]
[array([0.45097726, 0.04528213, 0.50954557]), 0.2630057803468208]
[array([0.42881666, 0.00655124, 0.58528741]), 0.15895953757225434]
[array([0.43294027, 0.05924882, 0.52546226]), 0.1907514450867052]
[array([0.38595625, 0.01588252, 0.50658742]), 0.2976878612716763]
[array([0.43111753, 0.02644496, 0.5260622 ]), 0.2023121387283237]
[array([0.48651827, 0.00551169, 0.50574904]), 0.07803468208092486]
[array([0.37731066, 0.12000518, 0.58733789]), 0.0]
[array([0.49838153, 0.02394861, 0.56701024]), 0.023121387283236993]
[array([0.36420762, 0.08369424, 0.54551064]), 0.14450867052023122]
[array([0.45177328, 0.04943863, 0.55650236]), 0.046242774566473986]
[array([0.49109197, 0.01854445, 0.51660637]), 0.0838150289017341]
[array([0.47708663, 0.03060409, 0.52151518]), 0.21965317919075145]
[array([0.4686719 , 0.00389902, 0.55642884]), 0.005780346820809248]
[array([0.48458466, 0.01213785, 0.60390527]), 0.023121387283236993]
[array([0.33571889, 0.14505712, 0.57087143]), 0.04335260115606936]
[array([0.45864305, 0.01331365, 0.60239248]), 0.11849710982658959]
[array([0.42473313, 0.01552768, 0.59943533]), 0.04046242774566474]
[array([4.68443640e-01, 3.14951602e-04, 5.65489620e-01]), 0.16473988439306358]
[array([0.38912967, 0.01378445, 0.5155168 ]), 0.2947976878612717]
[array([0.46523161, 0.01568523, 0.56477833]), 0.15606936416184972]
[array([0.37628062, 0.0132784 , 0.51754487]), 0.14450867052023122]
[array([0.38633129, 0.01080748, 0.5630407 ]), 0.011560693641618497]
[array([3.68620371e-01, 5.02562271e-04, 6.11378069e-01]), 0.008670520231213872]
[array([0.4009514 , 0.01063107, 0.56674771]), 0.02601156069364162]
[array([0.42480612, 0.03714704, 0.53070768]), 0.661849710982659]
[array([0.45085744, 0.01158506, 0.60720969]), 0.1416184971098266]
[array([0.34427189, 0.00339692, 0.6303373 ]), 0.06069364161849711]
[array([0.4068964 , 0.01476838, 0.59323827]), 0.2543352601156069]
[array([0.49429951, 0.00446847, 0.50115887]), 0.12427745664739884]
[array([0.43595694, 0.03071673, 0.57068394]), 0.07225433526011561]
[array([0.41756749, 0.01711385, 0.51116527]), 0.2658959537572254]
[array([0.49886379, 0.0102474 , 0.51614768]), 0.10115606936416185]
[array([0.41237418, 0.01290486, 0.5298455 ]), 0.2254335260115607]
[array([0.4405374 , 0.06140743, 0.50547381]), 0.20520231213872833]
[array([0.49361119, 0.02108373, 0.51731432]), 0.15895953757225434]
[array([0.36744114, 0.0507493 , 0.60397384]), 0.13005780346820808]
[array([0.42786397, 0.06644802, 0.51090332]), 0.18786127167630057]
[array([0.44149728, 0.01205955, 0.52290212]), 0.23699421965317918]
[array([0.47195711, 0.0689104 , 0.50019337]), 0.1994219653179191]
[array([0.49595531, 0.00949251, 0.62193951]), 0.24566473988439305]
[array([0.33538799, 0.14727651, 0.52747074]), 0.25722543352601157]
[array([0.41809847, 0.06726442, 0.50612488]), 0.1907514450867052]
[array([0.34027921, 0.13625299, 0.51640331]), 0.29190751445086704]
[array([0.34056108, 0.11756503, 0.50918161]), 0.20809248554913296]
[array([0.44238243, 0.03674478, 0.52480453]), 0.005780346820809248]
[array([0.48765441, 0.0419981 , 0.51983795]), 0.21676300578034682]
[array([0.35882055, 0.0977204 , 0.5068249 ]), 0.07803468208092486]
[array([0.4613257 , 0.03646308, 0.51810138]), 0.22254335260115607]
[array([0.46759208, 0.04611303, 0.55121587]), 0.028901734104046242]
[array([0.34618956, 0.00868449, 0.53496057]), 0.13005780346820808]
[array([0.38963261, 0.0053952 , 0.53175316]), 0.21965317919075145]
[array([0.46271383, 0.01044617, 0.5717299 ]), 0.014450867052023121]
[array([0.33714943, 0.13401516, 0.50828189]), 0.30057803468208094]
[array([0.37244597, 0.10350879, 0.51896212]), 0.03468208092485549]
[array([0.41226591, 0.04701636, 0.50577593]), 0.2023121387283237]
[array([0.42286418, 0.04381848, 0.50995396]), 0.22254335260115607]
[array([0.38574309, 0.00430012, 0.60586029]), 0.017341040462427744]
[array([0.44820594, 0.0149103 , 0.56738109]), 0.02601156069364162]
[array([0.33759706, 0.11800532, 0.53109658]), 0.08092485549132948]
[array([0.49048566, 0.00617539, 0.60914555]), 0.08670520231213873]
[array([0.49057781, 0.04146799, 0.60216642]), 0.04335260115606936]
[array([0.47508395, 0.02556277, 0.54019019]), 0.07225433526011561]
[array([0.33719397, 0.15610345, 0.51504037]), 0.2658959537572254]
[array([0.42503222, 0.06182075, 0.51364442]), 0.1907514450867052]
[array([0.45227655, 0.01392235, 0.52211964]), 0.23699421965317918]
[array([0.35639015, 0.10501659, 0.50388447]), 0.18208092485549132]
[array([0.38264548, 0.15737064, 0.51495748]), 0.05491329479768786]
[array([0.44050976, 0.03264233, 0.50322579]), 0.23410404624277456]
[array([0.36265332, 0.00633391, 0.59546151]), 0.26011560693641617]
[array([0.48538046, 0.01270908, 0.60526309]), 0.08959537572254335]
[array([0.43017878, 0.04015075, 0.53435415]), 0.18208092485549132]
[array([0.33576616, 0.15025407, 0.5258646 ]), 0.28901734104046245]
[array([0.3833423 , 0.01119099, 0.51680709]), 0.30057803468208094]
[array([0.47139381, 0.01964356, 0.56548498]), 0.031791907514450865]
[array([0.45263755, 0.00513647, 0.55399225]), 0.2254335260115607]
[array([0.48994794, 0.00933835, 0.53020183]), 0.12427745664739884]
[array([0.33586373, 0.15130175, 0.50996971]), 0.17052023121387283]
[array([0.41523654, 0.05595773, 0.51321891]), 0.18497109826589594]
[array([0.48656845, 0.05401432, 0.54105339]), 0.008670520231213872]
[array([0.40985147, 0.01582006, 0.58361577]), 0.017341040462427744]
[array([0.41829293, 0.01967097, 0.54257794]), 0.21098265895953758]
[array([0.45807934, 0.0602959 , 0.53861141]), 0.1994219653179191]
[array([0.40873814, 0.01726502, 0.58377794]), 0.2023121387283237]
[array([0.35774499, 0.15228252, 0.51034234]), 0.0838150289017341]
[array([0.48114375, 0.03345563, 0.53819326]), 0.08959537572254335]
[array([0.47152262, 0.06983301, 0.55272749]), 0.2023121387283237]
[array([0.35047762, 0.13500962, 0.50249196]), 0.2947976878612717]
[array([0.44788916, 0.05471696, 0.51815985]), 0.22832369942196531]
[array([0.34797081, 0.09741706, 0.50767225]), 0.11271676300578035]
[array([0.42828763, 0.02098355, 0.5014523 ]), 0.2947976878612717]
[array([0.39609493, 0.01751828, 0.502624  ]), 0.30057803468208094]
[array([0.4143136 , 0.0276645 , 0.53319058]), 0.17630057803468208]
[array([0.47695362, 0.00780629, 0.60159601]), 0.028901734104046242]
[array([0.40976815, 0.00689681, 0.57742149]), 0.10115606936416185]
[array([0.39843926, 0.00345688, 0.60281411]), 0.031791907514450865]
[array([0.48122411, 0.02865945, 0.50443159]), 0.02023121387283237]
[array([0.34054186, 0.00380824, 0.55145724]), 0.03757225433526012]
[array([0.42027338, 0.05642036, 0.51679617]), 0.18786127167630057]
[array([0.4652884 , 0.02650598, 0.52040673]), 0.26878612716763006]
[array([0.46864583, 0.0750165 , 0.51305003]), 0.15606936416184972]
[array([0.47392766, 0.05640143, 0.52845906]), 0.20809248554913296]
[array([0.42931811, 0.00098127, 0.52400701]), 0.24566473988439305]
[array([0.38860997, 0.14082556, 0.50603874]), 0.16184971098265896]
[array([0.48197481, 0.04171709, 0.54257076]), 0.2138728323699422]
[array([0.49632209, 0.01835832, 0.51666794]), 0.028901734104046242]
[array([0.33936004, 0.13917671, 0.51284433]), 0.6358381502890174]
[array([0.4977137 , 0.01142569, 0.62279842]), 0.011560693641618497]
[array([0.38518912, 0.16475907, 0.50899218]), 0.32947976878612717]
[array([0.46014466, 0.01302661, 0.54921552]), 0.18208092485549132]
[array([0.35875655, 0.11287719, 0.5063704 ]), 0.0953757225433526]
[array([0.40453816, 0.00486954, 0.58455964]), 0.13005780346820808]
[array([0.35680773, 0.01373574, 0.50057282]), 0.12716763005780346]
[array([0.46393821, 0.07038436, 0.51060323]), 0.1907514450867052]
[array([0.42318762, 0.00179898, 0.53593265]), 0.2745664739884393]
[array([0.35075463, 0.10601733, 0.50257075]), 0.18786127167630057]
[array([0.38097652, 0.01151279, 0.56813805]), 0.049132947976878616]
[array([0.34627182, 0.00647016, 0.54359145]), 0.14450867052023122]
[array([0.33701555, 0.13493139, 0.53408425]), 0.0838150289017341]
[array([3.89462952e-01, 1.44766277e-04, 5.80478264e-01]), 0.031791907514450865]
[array([0.41758452, 0.0474958 , 0.50107361]), 0.20809248554913296]
[array([0.46652903, 0.0232372 , 0.58722143]), 0.031791907514450865]
[array([0.44180837, 0.16228059, 0.53599377]), 0.6560693641618497]
[array([0.34100983, 0.10117157, 0.58137455]), 0.1416184971098266]
[array([0.4241268 , 0.01689032, 0.56689954]), 0.05491329479768786]
[array([0.33825663, 0.10838022, 0.54909658]), 0.04046242774566474]
[array([0.43753493, 0.02462351, 0.54090854]), 0.09826589595375723]
[array([0.48433391, 0.05299937, 0.54865004]), 0.046242774566473986]
[array([0.39388966, 0.00729824, 0.55370914]), 0.11271676300578035]
[array([0.4073859 , 0.03236779, 0.51367448]), 0.26011560693641617]
[array([0.46496931, 0.01224255, 0.61828464]), 0.057803468208092484]
[array([0.4744469 , 0.01931361, 0.56229745]), 0.09248554913294797]
[array([0.33660787, 0.00070877, 0.61017036]), 0.017341040462427744]
[array([0.49167809, 0.03797468, 0.60770553]), 0.023121387283236993]
[array([0.4661651 , 0.04576595, 0.55606533]), 0.03757225433526012]
[array([0.40482867, 0.01582809, 0.56914918]), 0.12138728323699421]
[array([0.49166967, 0.06286537, 0.53591793]), 0.18208092485549132]
[array([0.49088357, 0.03887029, 0.52621655]), 0.07225433526011561]
[array([0.41604363, 0.02548541, 0.54152376]), 0.07803468208092486]
[array([0.48787883, 0.05111999, 0.51269838]), 0.2138728323699422]
[array([0.33351675, 0.1151634 , 0.53266492]), 0.09248554913294797]
[array([0.45657837, 0.02639588, 0.53853004]), 0.2138728323699422]
[array([0.44264511, 0.04338576, 0.53933093]), 0.06647398843930635]
[array([0.34741527, 0.14091148, 0.50748183]), 0.315028901734104]
[array([0.47997966, 0.00309068, 0.64988604]), 0.06647398843930635]
[array([0.44161142, 0.01519835, 0.52658669]), 0.028901734104046242]
[array([0.34296212, 0.13060363, 0.61512214]), 0.08670520231213873]
[array([0.45510078, 0.05318035, 0.54882481]), 0.031791907514450865]
[array([0.33361503, 0.10830713, 0.52567275]), 0.13872832369942195]
[array([0.46029569, 0.01272442, 0.53393974]), 0.2514450867052023]
[array([0.49327717, 0.00968348, 0.58004218]), 0.16184971098265896]
[array([0.39553299, 0.00152807, 0.5334672 ]), 0.24277456647398843]
[array([0.48701354, 0.01895669, 0.50894295]), 0.014450867052023121]
[array([0.42141588, 0.07514687, 0.50756334]), 0.15895953757225434]
[array([0.48128391, 0.02637507, 0.54900078]), 0.20520231213872833]
[array([0.42251858, 0.00456401, 0.52998201]), 0.17052023121387283]
[array([0.34018041, 0.13204223, 0.52703426]), 0.08092485549132948]
[array([0.47820463, 0.00394804, 0.589305  ]), 0.04046242774566474]
[array([0.41070321, 0.01317934, 0.54524991]), 0.06647398843930635]
[array([0.46377753, 0.00726758, 0.53313862]), 0.031791907514450865]
[array([0.471296  , 0.05940673, 0.52379015]), 0.20809248554913296]
[array([0.49415917, 0.01922769, 0.51698642]), 0.07514450867052024]
[array([0.48802735, 0.05565771, 0.53669707]), 0.014450867052023121]
[array([0.45487258, 0.00953763, 0.60052124]), 0.08670520231213873]
[array([0.46639988, 0.06973586, 0.55470464]), 0.1994219653179191]
[array([0.33469478, 0.14514336, 0.50649846]), 0.13872832369942195]
[array([0.44934488, 0.02690464, 0.59759371]), 0.023121387283236993]
[array([0.49210659, 0.03918157, 0.56893628]), 0.02601156069364162]
[array([0.3758056 , 0.02433663, 0.5145471 ]), 0.06358381502890173]
[array([0.48623932, 0.06157439, 0.5296309 ]), 0.2254335260115607]
[array([0.44539967, 0.0310528 , 0.50594529]), 0.2543352601156069]
[array([0.4483572 , 0.03985598, 0.5011887 ]), 0.2745664739884393]
[array([0.41774693, 0.06098239, 0.51551775]), 0.18208092485549132]
[array([0.3355271 , 0.09503469, 0.53144584]), 0.10115606936416185]
[array([0.46883157, 0.01342889, 0.61445436]), 0.049132947976878616]
[array([0.43037965, 0.00936755, 0.58859395]), 0.005780346820809248]
[array([0.49936158, 0.04573227, 0.50245775]), 0.22254335260115607]
[array([0.46584382, 0.01840751, 0.54781535]), 0.24855491329479767]
[array([0.44605622, 0.02452759, 0.56739566]), 0.005780346820809248]
[array([0.48425447, 0.00666654, 0.54016819]), 0.13005780346820808]
[array([0.44941429, 0.05022094, 0.54071033]), 0.19653179190751446]
[array([0.47136811, 0.00458686, 0.53316409]), 0.06358381502890173]
[array([0.36908708, 0.15924969, 0.50085645]), 0.28034682080924855]
[array([0.43409366, 0.05936245, 0.53180816]), 0.18786127167630057]
[array([0.44407218, 0.00845621, 0.5600981 ]), 0.21098265895953758]
[array([0.42409978, 0.07066417, 0.50549987]), 0.1907514450867052]
[array([0.48125983, 0.00247281, 0.59750518]), 0.023121387283236993]
[array([0.44983925, 0.03447003, 0.53381678]), 0.02023121387283237]
[array([0.4062115 , 0.01747154, 0.59471682]), 0.03468208092485549]
[array([0.45559195, 0.05047085, 0.54602764]), 0.11560693641618497]
[array([0.42198193, 0.00137709, 0.58779844]), 0.09248554913294797]
[array([0.46448363, 0.06168535, 0.53773913]), 0.1994219653179191]
[array([0.49986678, 0.02073261, 0.56082751]), 0.023121387283236993]
[array([0.37143783, 0.00601662, 0.56561392]), 0.0]
[array([0.39070045, 0.00825157, 0.53939919]), 0.20809248554913296]
[array([0.37265224, 0.10389811, 0.50994962]), 0.057803468208092484]
[array([0.47056084, 0.02699935, 0.56115477]), 0.2254335260115607]
[array([0.35194766, 0.11724211, 0.50118021]), 0.23410404624277456]
[array([0.456273  , 0.02900979, 0.56192947]), 0.2138728323699422]
[array([0.43568295, 0.01621886, 0.50882047]), 0.29190751445086704]
[array([0.45849081, 0.04793151, 0.53000786]), 0.04046242774566474]
[array([0.42803025, 0.02798414, 0.52274854]), 0.2023121387283237]
[array([0.48261792, 0.01481826, 0.58876847]), 0.005780346820809248]
[array([0.45263671, 0.06919884, 0.51250919]), 0.19653179190751446]
[array([0.44407945, 0.03923691, 0.5055015 ]), 0.27167630057803466]
[array([0.33350644, 0.14455353, 0.52174139]), 0.315028901734104]
[array([0.34496352, 0.01312434, 0.52194934]), 0.10404624277456648]
[array([0.4999905 , 0.01794575, 0.5119025 ]), 0.24855491329479767]
[array([0.34575964, 0.1659149 , 0.52965886]), 0.23410404624277456]
[array([0.46521381, 0.01410312, 0.60909007]), 0.06936416184971098]
[array([0.47048196, 0.00092346, 0.52159516]), 0.008670520231213872]
[array([0.44056288, 0.00570254, 0.52365994]), 0.24277456647398843]
[array([0.422584  , 0.00148724, 0.57527941]), 0.21676300578034682]
[array([0.45584203, 0.0234393 , 0.5758414 ]), 0.12716763005780346]
[array([0.39381726, 0.02276962, 0.53879275]), 0.13583815028901733]
[array([0.45199305, 0.01120297, 0.50343652]), 0.25722543352601157]
[array([0.47815868, 0.02860488, 0.57211948]), 0.046242774566473986]
[array([0.47718431, 0.06774294, 0.50470364]), 0.19653179190751446]
[array([0.410726  , 0.0787966 , 0.51063186]), 0.1791907514450867]
[array([0.37807561, 0.01137881, 0.5707483 ]), 0.011560693641618497]
[array([0.43756025, 0.00785943, 0.57025261]), 0.057803468208092484]
[array([0.42397521, 0.00133049, 0.54106736]), 0.07514450867052024]
[array([0.3950831 , 0.01073395, 0.55600589]), 0.014450867052023121]
[array([0.44851566, 0.06285518, 0.5270732 ]), 0.2023121387283237]
[array([0.37089136, 0.00163046, 0.53584646]), 0.2138728323699422]
[array([0.42219046, 0.06102774, 0.50524364]), 0.20520231213872833]
[array([0.47819166, 0.0210656 , 0.56514122]), 0.04046242774566474]