[array([ 2.78000000e-01, -4.61434818e-05,  6.78221426e-01]), 0.266]
[array([0.46300177, 0.02232405, 0.64481847]), 0.12]
[array([0.37430186, 0.03110452, 0.51843052]), 0.326]
[array([0.47366627, 0.00530081, 0.51128921]), 0.058]
[array([0.36178092, 0.05749665, 0.53377478]), 0.3]
[array([0.45183675, 0.04065724, 0.60692866]), 0.024]
[array([0.49406113, 0.01601512, 0.52703057]), 0.114]
[array([0.44462021, 0.02181072, 0.53565685]), 0.17]
[array([0.39239905, 0.03203369, 0.52033965]), 0.33]
[array([0.43942723, 0.030874  , 0.59653366]), 0.174]
[array([0.48465588, 0.0798243 , 0.52014012]), 0.156]
[array([0.44512548, 0.04213487, 0.56789094]), 0.008]
[array([0.37436288, 0.01832206, 0.57779112]), 0.008]
[array([0.45889277, 0.0378206 , 0.58477511]), 0.006]
[array([0.48313466, 0.00997774, 0.58069335]), 0.096]
[array([0.49037655, 0.079661  , 0.52995095]), 0.174]
[array([0.44887655, 0.01243873, 0.55907173]), 0.126]
[array([0.40095482, 0.0062591 , 0.55083829]), 0.028]
[array([0.39473101, 0.07858195, 0.50262035]), 0.256]
[array([0.44265788, 0.00477979, 0.51764378]), 0.176]
[array([0.46252833, 0.00397317, 0.50722275]), 0.184]
[array([0.43420152, 0.03384768, 0.60408335]), 0.028]
[array([0.41609185, 0.01538261, 0.58749166]), 0.046]
[array([0.48876687, 0.00095924, 0.6396392 ]), 0.138]
[array([0.36950388, 0.02240336, 0.51152674]), 0.324]
[array([0.34023902, 0.02881096, 0.52474733]), 0.26]
[array([0.45037089, 0.00286097, 0.50045048]), 0.186]
[array([0.39416807, 0.00306857, 0.52039095]), 0.176]
[array([0.45388392, 0.00183005, 0.56665504]), 0.082]
[array([0.4541026 , 0.01296344, 0.50578259]), 0.012]
[array([0.38875174, 0.01863511, 0.56890275]), 0.008]
[array([0.42035451, 0.00735766, 0.53722852]), 0.05]
[array([0.48087112, 0.02462778, 0.55513268]), 0.084]
[array([0.47444318, 0.0486374 , 0.53112547]), 0.018]
[array([0.47846837, 0.04036439, 0.61004622]), 0.072]
[array([0.44895806, 0.0474886 , 0.53728861]), 0.322]
[array([0.42712383, 0.00515893, 0.63161204]), 0.008]
[array([0.44589113, 0.02158634, 0.50174538]), 0.21]
[array([0.48273832, 0.05855694, 0.50364356]), 0.186]
[array([0.39389617, 0.00205237, 0.52749614]), 0.176]
[array([0.4326073 , 0.01063101, 0.55328789]), 0.022]
[array([0.37038602, 0.00113557, 0.53762411]), 0.178]
[array([0.42255254, 0.00743562, 0.62465374]), 0.056]
[array([0.42379337, 0.03486787, 0.53371128]), 0.152]
[array([0.3986742 , 0.04849736, 0.50316264]), 0.336]
[array([0.42234048, 0.02062594, 0.54997266]), 0.036]
[array([0.45045162, 0.00212917, 0.5319455 ]), 0.178]
[array([0.4941829 , 0.06390961, 0.50315308]), 0.172]
[array([0.41651445, 0.03484895, 0.52543037]), 0.058]
[array([0.46120736, 0.05463258, 0.51602515]), 0.184]
[array([0.49186953, 0.03452611, 0.52985363]), 0.01]
[array([4.70463528e-01, 5.13590683e-04, 5.54747416e-01]), 0.188]
[array([0.41078047, 0.04863046, 0.54900834]), 0.15]
[array([0.48873461, 0.01608809, 0.62930398]), 0.066]
[array([0.3823512 , 0.05219667, 0.51395942]), 0.324]
[array([0.33455439, 0.03779227, 0.50556454]), 0.322]
[array([0.34588151, 0.02228058, 0.5070028 ]), 0.32]
[array([0.48915309, 0.03218961, 0.53582207]), 0.104]
[array([0.33633751, 0.01846112, 0.51750138]), 0.272]
[array([0.39279784, 0.0642611 , 0.53709644]), 0.308]
[array([0.40805272, 0.03459521, 0.52794495]), 0.174]
[array([0.47968678, 0.00420736, 0.64023472]), 0.138]
[array([0.42170118, 0.01548459, 0.53895925]), 0.096]
[array([0.3565481 , 0.01899082, 0.50750824]), 0.328]
[array([0.47269144, 0.00145272, 0.64615378]), 0.226]
[array([0.45681668, 0.00829308, 0.63531829]), 0.078]
[array([0.40876418, 0.07036382, 0.50257991]), 0.316]
[array([0.44507768, 0.00557383, 0.5382318 ]), 0.176]
[array([0.42788005, 0.06605558, 0.51464466]), 0.328]
[array([0.49602552, 0.00720651, 0.61091527]), 0.07]
[array([0.44188422, 0.00544028, 0.62876207]), 0.052]
[array([0.4409008 , 0.04666255, 0.58103833]), 0.02]
[array([0.37688904, 0.02398563, 0.56204571]), 0.028]
[array([0.36110405, 0.09271734, 0.51499392]), 0.17]
[array([0.41857129, 0.03887432, 0.56521577]), 0.102]
[array([0.44835285, 0.03142602, 0.62139302]), 0.078]
[array([0.39653218, 0.01904489, 0.52914618]), 0.172]
[array([0.35715228, 0.01606917, 0.51343911]), 0.322]
[array([0.45144195, 0.0535831 , 0.50319787]), 0.18]
[array([0.48988024, 0.02049078, 0.63316989]), 0.104]
[array([0.45133576, 0.00778262, 0.56923332]), 0.118]
[array([0.46518047, 0.02417784, 0.51697328]), 0.074]
[array([0.41649319, 0.03509172, 0.52381614]), 0.174]
[array([0.38147827, 0.05951586, 0.55355392]), 0.294]
[array([0.38105102, 0.03146061, 0.56843781]), 0.014]
[array([0.44942076, 0.05814239, 0.52305713]), 0.324]
[array([0.46734385, 0.0660313 , 0.50341181]), 0.332]
[array([0.43945263, 0.07401491, 0.51709855]), 0.31]
[array([0.36765827, 0.01614784, 0.56727847]), 0.09]
[array([0.48289211, 0.04496682, 0.60891744]), 0.1]
[array([0.43245465, 0.00677096, 0.54371393]), 0.12]
[array([0.36818586, 0.06225471, 0.53035399]), 0.304]
[array([0.37100311, 0.04606986, 0.50345794]), 0.326]
[array([0.43112575, 0.04972939, 0.59105309]), 0.01]
[array([0.45192143, 0.0118254 , 0.65983162]), 0.258]
[array([0.48213602, 0.07135174, 0.53642924]), 0.22]
[array([0.44739821, 0.03912171, 0.64120192]), 0.07]
[array([0.45270963, 0.04115569, 0.54926419]), 0.322]
[array([0.46100241, 0.0333016 , 0.64045543]), 0.102]
[array([0.47830096, 0.04744981, 0.51669487]), 0.348]
[array([0.38646899, 0.06848472, 0.51634163]), 0.316]
[array([0.41973086, 0.00617288, 0.58743838]), 0.122]
[array([0.47321611, 0.00594725, 0.57574747]), 0.068]
[array([0.40958888, 0.05816042, 0.54286947]), 0.322]
[array([0.49188186, 0.03608226, 0.60769195]), 0.016]
[array([0.39540845, 0.01532819, 0.50670623]), 0.206]
[array([0.43727923, 0.0366119 , 0.51721934]), 0.18]
[array([0.45143194, 0.03914852, 0.56302283]), 0.08]
[array([0.43857614, 0.00409943, 0.63541665]), 0.028]
[array([0.45907001, 0.02892547, 0.58754101]), 0.056]
[array([0.46180294, 0.03511359, 0.58728264]), 0.076]
[array([0.44960068, 0.00689279, 0.59931   ]), 0.112]
[array([0.49427438, 0.01907545, 0.53659133]), 0.12]
[array([0.36067608, 0.06422104, 0.51604801]), 0.322]
[array([0.43962922, 0.05899593, 0.51064771]), 0.338]
[array([0.36362407, 0.04693261, 0.53586166]), 0.292]
[array([0.4899696 , 0.01642616, 0.55796305]), 0.098]
[array([0.38411461, 0.02353257, 0.56679771]), 0.206]
[array([0.43641062, 0.03106324, 0.58728796]), 0.012]
[array([0.40475016, 0.00820614, 0.51705777]), 0.182]
[array([0.42204313, 0.01654422, 0.5287767 ]), 0.162]
[array([0.38291566, 0.01947609, 0.55702232]), 0.018]
[array([0.45165439, 0.04187945, 0.53790408]), 0.338]
[array([0.40267519, 0.02431666, 0.54500223]), 0.016]
[array([0.48933944, 0.00788092, 0.55173986]), 0.092]
[array([0.44350752, 0.06086875, 0.52986203]), 0.304]
[array([0.47652796, 0.04982507, 0.52404895]), 0.328]
[array([0.33823132, 0.05010679, 0.50265838]), 0.084]
[array([0.44221041, 0.00268688, 0.59427326]), 0.344]
[array([0.45918457, 0.02786241, 0.62156975]), 0.068]
[array([0.36487592, 0.06696592, 0.51127039]), 0.324]
[array([0.44125129, 0.0398101 , 0.50900574]), 0.194]
[array([0.36001424, 0.0010356 , 0.59869363]), 0.272]
[array([0.46321906, 0.00252813, 0.61068535]), 0.04]
[array([0.42716563, 0.01224621, 0.53856455]), 0.06]
[array([0.37392037, 0.05992956, 0.52024035]), 0.312]
[array([0.46035175, 0.06454312, 0.50967525]), 0.332]
[array([0.42271748, 0.03116039, 0.59168182]), 0.128]
[array([0.49677843, 0.02495587, 0.62044315]), 0.016]
[array([0.49945997, 0.04542308, 0.60420836]), 0.076]
[array([0.3903757 , 0.01461372, 0.50490284]), 0.206]
[array([0.34634022, 0.03425279, 0.52657193]), 0.282]
[array([0.3544429 , 0.01645051, 0.54736967]), 0.15]
[array([0.46165588, 0.04168688, 0.5593191 ]), 0.046]
[array([0.46840322, 0.04633551, 0.63254788]), 0.086]
[array([4.01720513e-01, 2.65931866e-04, 5.22902984e-01]), 0.176]
[array([0.49725051, 0.01055008, 0.53902521]), 0.464]
[array([0.36517287, 0.000748  , 0.52593113]), 0.204]
[array([0.35314057, 0.13980593, 0.50653915]), 0.108]
[array([0.46423968, 0.00642455, 0.63234136]), 0.024]
[array([4.98446789e-01, 5.14299788e-04, 5.91061854e-01]), 0.016]
[array([0.4621077 , 0.03483966, 0.59931837]), 0.026]
[array([0.49617116, 0.01669521, 0.55638207]), 0.08]
[array([0.42569483, 0.00088613, 0.51014962]), 0.176]
[array([0.47326442, 0.07296503, 0.5009768 ]), 0.306]
[array([0.42105342, 0.04161075, 0.51900533]), 0.178]
[array([0.42609493, 0.0520926 , 0.5206989 ]), 0.338]
[array([0.46480065, 0.03918392, 0.51138411]), 0.366]
[array([0.44181757, 0.00334465, 0.55230142]), 0.004]
[array([0.48789206, 0.03614944, 0.63195236]), 0.368]
[array([0.38865461, 0.07093808, 0.53920163]), 0.302]
[array([0.39304946, 0.04866852, 0.54744469]), 0.316]
[array([0.43196047, 0.07303473, 0.50355068]), 0.318]
[array([0.37534859, 0.12131429, 0.54400816]), 0.098]
[array([0.34250644, 0.02305916, 0.53225853]), 0.23]
[array([0.4394659 , 0.02752561, 0.54726195]), 0.338]
[array([0.44006899, 0.00344239, 0.60675747]), 0.034]
[array([0.4341476 , 0.01653312, 0.63431392]), 0.064]
[array([0.42084844, 0.03231231, 0.56792348]), 0.01]
[array([0.49669766, 0.02430206, 0.51177636]), 0.02]
[array([0.34595225, 0.00868847, 0.54696754]), 0.166]
[array([0.42279628, 0.03383412, 0.54415365]), 0.034]
[array([0.45097726, 0.04528213, 0.50954557]), 0.188]
[array([0.42881672, 0.00655118, 0.58528722]), 0.124]
[array([0.43294027, 0.05924882, 0.52546226]), 0.322]
[array([0.38595625, 0.01588252, 0.50658742]), 0.208]
[array([0.4588281 , 0.02179259, 0.63188942]), 0.032]
[array([0.43111753, 0.02644496, 0.5260622 ]), 0.158]
[array([0.48651829, 0.00551164, 0.50574898]), 0.092]
[array([0.36221457, 0.06604635, 0.52936617]), 0.308]
[array([0.49838173, 0.02394849, 0.56700965]), 0.114]
[array([0.36420762, 0.08369424, 0.54551064]), 0.086]
[array([0.46538521, 0.00734552, 0.64228299]), 0.122]
[array([0.49109089, 0.01854339, 0.51660648]), 0.058]
[array([0.39964226, 0.07160419, 0.5109326 ]), 0.292]
[array([0.38693346, 0.06983835, 0.54561462]), 0.3]
[array([0.37969854, 0.04818214, 0.53360015]), 0.312]
[array([0.47708678, 0.03060384, 0.52151452]), 0.114]
[array([0.49766105, 0.0428623 , 0.61204975]), 0.284]
[array([0.43748266, 0.04563177, 0.58115562]), 0.01]
[array([0.46867181, 0.00389895, 0.55642928]), 0.1]
[array([0.47996368, 0.05835042, 0.62731293]), 0.072]
[array([0.47038105, 0.01692404, 0.64455684]), 0.068]
[array([0.48458463, 0.01213786, 0.60390529]), 0.09]
[array([0.46532619, 0.07912365, 0.51771652]), 0.208]
[array([0.33571889, 0.14505712, 0.57087143]), 0.002]
[array([0.45864311, 0.01331395, 0.60239252]), 0.014]
[array([0.35137075, 0.06751366, 0.52849948]), 0.31]
[array([0.42473313, 0.01552768, 0.59943533]), 0.072]
[array([4.68443641e-01, 3.14950656e-04, 5.65489619e-01]), 0.042]
[array([0.38912967, 0.01378445, 0.5155168 ]), 0.206]
[array([0.46523083, 0.01568644, 0.56478011]), 0.01]
[array([0.37628062, 0.0132784 , 0.51754487]), 0.324]
[array([0.36180648, 0.02845497, 0.51293654]), 0.328]
[array([0.3863314 , 0.01080744, 0.5630412 ]), 0.012]
[array([0.36448116, 0.01789818, 0.52406091]), 0.316]
[array([0.40095066, 0.01063267, 0.56674364]), 0.032]
[array([0.45085748, 0.01158509, 0.60720964]), 0.09]
[array([0.37115842, 0.05923389, 0.50492674]), 0.328]
[array([0.33798548, 0.04452517, 0.50741907]), 0.324]
[array([0.38340256, 0.03634268, 0.53222875]), 0.326]
[array([0.40689638, 0.01476827, 0.59323821]), 0.018]
[array([0.49429951, 0.00446847, 0.50115887]), 0.066]
[array([0.41475588, 0.03260819, 0.58774943]), 0.032]
[array([0.45952704, 0.03442031, 0.6161107 ]), 0.088]
[array([0.43596184, 0.03072366, 0.57068116]), 0.064]
[array([0.41756749, 0.01711385, 0.51116527]), 0.2]
[array([0.49886379, 0.01024739, 0.51614767]), 0.136]
[array([0.49889059, 0.0837324 , 0.52423301]), 0.056]
[array([0.47874132, 0.05436095, 0.61689673]), 0.046]
[array([0.42726651, 0.04233785, 0.54245839]), 0.05]
[array([0.46617996, 0.04811089, 0.64740581]), 0.054]
[array([0.34956332, 0.04302832, 0.5147941 ]), 0.312]
[array([0.41237418, 0.01290486, 0.52984551]), 0.168]
[array([0.40707147, 0.06335187, 0.58153577]), 0.002]
[array([0.4405374 , 0.06140743, 0.50547381]), 0.336]
[array([0.49361101, 0.02108394, 0.51731429]), 0.03]
[array([0.38283448, 0.07100192, 0.53520362]), 0.296]
[array([0.42786397, 0.06644802, 0.51090332]), 0.33]
[array([0.41547919, 0.0587295 , 0.55876293]), 0.014]
[array([0.39353659, 0.0349768 , 0.53437176]), 0.172]
[array([0.33539928, 0.02105329, 0.51928239]), 0.25]
[array([0.44149728, 0.01205955, 0.52290212]), 0.172]
[array([0.47195711, 0.0689104 , 0.50019337]), 0.326]
[array([0.44169201, 0.03296652, 0.57997199]), 0.424]
[array([0.37583198, 0.03083436, 0.54806697]), 0.172]
[array([0.49595529, 0.00949252, 0.62193949]), 0.062]
[array([0.41809847, 0.06726442, 0.50612488]), 0.338]
[array([0.42621961, 0.07777404, 0.53857085]), 0.232]
[array([0.39983646, 0.05611929, 0.57477842]), 0.046]
[array([0.3654614 , 0.06527332, 0.5441237 ]), 0.288]
[array([0.44238229, 0.03674441, 0.52480526]), 0.066]
[array([0.48765441, 0.0419981 , 0.51983795]), 0.35]
[array([0.38988929, 0.03490409, 0.53317051]), 0.324]
[array([0.4613257 , 0.03646308, 0.51810138]), 0.352]
[array([0.46759209, 0.04611303, 0.55121586]), 0.016]
[array([0.38187405, 0.0426935 , 0.50159734]), 0.332]
[array([0.46042486, 0.00798807, 0.63070052]), 0.072]
[array([0.48886127, 0.05168483, 0.63545713]), 0.066]
[array([0.4788746 , 0.01243934, 0.64688366]), 0.17]
[array([0.34618956, 0.00868449, 0.53496057]), 0.176]
[array([0.3998244 , 0.04605045, 0.55852157]), 0.028]
[array([0.42533466, 0.02611398, 0.6092718 ]), 0.014]
[array([0.39339355, 0.05446497, 0.50798914]), 0.332]
[array([0.45846916, 0.01016783, 0.64206942]), 0.084]
[array([0.38963261, 0.0053952 , 0.53175316]), 0.176]
[array([0.46271383, 0.01044617, 0.5717299 ]), 0.112]
[array([0.44474813, 0.01828081, 0.62366703]), 0.074]
[array([0.41979119, 0.07916183, 0.52527114]), 0.236]
[array([0.41226591, 0.04701636, 0.50577593]), 0.338]
[array([0.41358102, 0.02208123, 0.59069197]), 0.004]
[array([0.42286418, 0.04381848, 0.50995396]), 0.176]
[array([0.44820595, 0.01491031, 0.56738109]), 0.022]
[array([0.34463147, 0.05325979, 0.50599979]), 0.33]
[array([0.38419771, 0.03533742, 0.55340713]), 0.114]
[array([0.3614948 , 0.02212307, 0.53329397]), 0.296]
[array([0.39755291, 0.05925009, 0.51426025]), 0.33]
[array([0.49048568, 0.0061754 , 0.60914541]), 0.098]
[array([0.49057782, 0.04146808, 0.60216648]), 0.024]
[array([0.47508396, 0.02556276, 0.54019019]), 0.09]
[array([0.42503222, 0.06182075, 0.51364442]), 0.33]
[array([0.45227655, 0.01392235, 0.52211964]), 0.176]
[array([0.44050976, 0.03264233, 0.50322579]), 0.188]
[array([0.41829655, 0.0446672 , 0.58376076]), 0.052]
[array([0.36265332, 0.00633391, 0.59546151]), 0.396]
[array([0.48538047, 0.0127086 , 0.60526279]), 0.008]
[array([0.40393661, 0.04237325, 0.54804802]), 0.144]
[array([0.43017878, 0.04015075, 0.53435415]), 0.16]
[array([0.48897225, 0.03878895, 0.61703509]), 0.354]
[array([0.3833423 , 0.01119099, 0.51680709]), 0.204]
[array([0.3471948 , 0.0547059 , 0.52790384]), 0.298]
[array([0.36488892, 0.027731  , 0.55187817]), 0.274]
[array([0.47139381, 0.01964356, 0.56548498]), 0.066]
[array([0.47929789, 0.0603807 , 0.62640962]), 0.068]
[array([0.45263755, 0.00513647, 0.55399225]), 0.178]
[array([0.44473488, 0.00207147, 0.64019064]), 0.028]
[array([0.48994525, 0.00933801, 0.53019925]), 0.078]
[array([0.34636221, 0.05886284, 0.51456996]), 0.324]
[array([0.44632511, 0.04434316, 0.58309626]), 0.018]
[array([0.40226278, 0.05992853, 0.53663395]), 0.01]
[array([0.41523654, 0.05595773, 0.51321891]), 0.332]
[array([0.43935226, 0.0414463 , 0.58575787]), 0.118]
[array([0.40102889, 0.0558879 , 0.52801495]), 0.326]
[array([0.41677128, 0.03849201, 0.56916351]), 0.008]
[array([0.44693334, 0.07128319, 0.52338826]), 0.29]
[array([0.44434697, 0.01454322, 0.64434241]), 0.014]
[array([0.40985117, 0.01582024, 0.58361568]), 0.016]
[array([0.41829251, 0.01967063, 0.54257799]), 0.488]
[array([0.3926854 , 0.07156041, 0.53959723]), 0.3]
[array([0.40873814, 0.01726501, 0.58377795]), 0.064]
[array([0.33657107, 0.08576769, 0.51088148]), 0.336]
[array([0.48114377, 0.03345564, 0.53819326]), 0.048]
[array([0.48546722, 0.08100825, 0.52081312]), 0.114]
[array([0.41885089, 0.03558119, 0.59150883]), 0.01]
[array([0.44788916, 0.05471696, 0.51815985]), 0.17]
[array([0.42273289, 0.05829387, 0.55269563]), 0.01]
[array([0.49679088, 0.0706078 , 0.52220152]), 0.278]
[array([0.42828763, 0.02098355, 0.5014523 ]), 0.206]
[array([0.39609493, 0.01751828, 0.502624  ]), 0.206]
[array([0.4143136 , 0.0276645 , 0.53319058]), 0.156]
[array([0.39859309, 0.04754554, 0.56525831]), 0.066]
[array([0.47695362, 0.0078063 , 0.60159601]), 0.042]
[array([0.38248279, 0.02036686, 0.56620855]), 0.044]
[array([0.40976815, 0.00689681, 0.57742149]), 0.118]
[array([0.39843926, 0.00345687, 0.60281411]), 0.198]
[array([0.48123146, 0.02865813, 0.50442953]), 0.02]
[array([0.34054186, 0.00380824, 0.55145724]), 0.11]
[array([0.42027338, 0.05642036, 0.51679617]), 0.332]
[array([0.40607191, 0.07401768, 0.57523516]), 0.19]
[array([0.4652884 , 0.02650598, 0.52040673]), 0.198]
[array([0.46864583, 0.0750165 , 0.51305003]), 0.29]
[array([0.47392766, 0.05640143, 0.52845906]), 0.296]
[array([0.43677392, 0.03421619, 0.56634105]), 0.008]
[array([0.42931811, 0.00098127, 0.52400701]), 0.178]
[array([0.38860997, 0.14082556, 0.50603874]), 0.118]
[array([0.48197481, 0.04171709, 0.54257076]), 0.33]
[array([0.49632209, 0.01835832, 0.51666798]), 0.086]
[array([0.48430336, 0.03154591, 0.61541143]), 0.216]
[array([0.33936004, 0.13917671, 0.51284433]), 0.652]
[array([0.4237216 , 0.03632057, 0.55261817]), 0.034]
[array([0.49771431, 0.01142127, 0.62279818]), 0.024]
[array([0.47635319, 0.03857951, 0.62834966]), 0.052]
[array([0.49425846, 0.09540436, 0.50062698]), 0.076]
[array([0.42918771, 0.07449715, 0.51111276]), 0.316]
[array([0.46014466, 0.01302661, 0.54921552]), 0.09]
[array([0.43308674, 0.07383271, 0.5300059 ]), 0.29]
[array([0.44794297, 0.01308377, 0.64663838]), 0.022]
[array([0.40453838, 0.00487126, 0.58455784]), 0.018]
[array([0.35680773, 0.01373574, 0.50057282]), 0.332]
[array([0.46393821, 0.07038436, 0.51060323]), 0.324]
[array([0.42319037, 0.00179745, 0.53593149]), 0.426]
[array([0.38097632, 0.01151256, 0.56813789]), 0.136]
[array([0.4365958 , 0.04575843, 0.59383955]), 0.002]
[array([0.34627182, 0.00647016, 0.54359145]), 0.174]
[array([0.41899885, 0.07270607, 0.5378537 ]), 0.298]
[array([0.36853491, 0.01490698, 0.55225027]), 0.144]
[array([0.34726965, 0.04454897, 0.50451266]), 0.324]
[array([3.89462954e-01, 1.44745243e-04, 5.80478219e-01]), 0.03]
[array([0.41758452, 0.0474958 , 0.50107361]), 0.342]
[array([0.46652903, 0.0232372 , 0.58722143]), 0.058]
[array([0.35478836, 0.04707194, 0.52914358]), 0.294]
[array([0.42412709, 0.01689084, 0.56689571]), 0.096]
[array([0.39373658, 0.03115741, 0.54159915]), 0.166]
[array([0.43753539, 0.02462339, 0.54090788]), 0.09]
[array([0.36034748, 0.01682187, 0.55412532]), 0.17]
[array([0.39388966, 0.00729825, 0.55370913]), 0.032]
[array([0.4073859 , 0.03236779, 0.51367448]), 0.184]
[array([0.46496928, 0.01224286, 0.61828475]), 0.094]
[array([0.47443869, 0.0193135 , 0.5622964 ]), 0.042]
[array([0.33660791, 0.0007091 , 0.61017007]), 0.002]
[array([0.49167853, 0.03797337, 0.60770623]), 0.096]
[array([0.38157789, 0.02178014, 0.55046174]), 0.126]
[array([0.4661651 , 0.04576593, 0.55606535]), 0.062]
[array([0.40482855, 0.01582812, 0.56914932]), 0.132]
[array([0.45109266, 0.00656604, 0.64214833]), 0.034]
[array([0.45997989, 0.03230416, 0.62128678]), 0.094]
[array([0.49088358, 0.03887029, 0.52621656]), 0.164]
[array([0.41604259, 0.02548518, 0.54152368]), 0.032]
[array([0.48787883, 0.05111999, 0.51269838]), 0.338]
[array([0.4190446 , 0.08005282, 0.53064024]), 0.198]
[array([0.45657837, 0.02639588, 0.53853004]), 0.176]
[array([0.42436132, 0.0397319 , 0.55916963]), 0.03]
[array([0.4207249 , 0.03473131, 0.60004781]), 0.284]
[array([0.44264581, 0.04338715, 0.53933134]), 0.02]
[array([0.47997966, 0.00309068, 0.64988605]), 0.362]
[array([0.44161142, 0.01519835, 0.52658669]), 0.048]
[array([0.40196394, 0.04173192, 0.54798529]), 0.152]
[array([0.34041163, 0.07595993, 0.52093509]), 0.324]
[array([0.36784819, 0.04717076, 0.50617575]), 0.324]
[array([0.44624792, 0.03502477, 0.63796958]), 0.072]
[array([0.35904555, 0.06390012, 0.52224563]), 0.32]
[array([0.41877794, 0.04165951, 0.58496051]), 0.052]
[array([0.46029569, 0.01272442, 0.53393974]), 0.18]
[array([0.49327844, 0.00968197, 0.58003953]), 0.102]
[array([0.39553299, 0.00152807, 0.5334672 ]), 0.176]
[array([0.39027004, 0.02303681, 0.56049343]), 0.278]
[array([0.46882583, 0.00648947, 0.62613956]), 0.03]
[array([0.48701225, 0.01895764, 0.5089423 ]), 0.026]
[array([0.45621954, 0.02949419, 0.64382941]), 0.12]
[array([0.38286287, 0.05506058, 0.53061888]), 0.308]
[array([0.42141588, 0.07514687, 0.50756334]), 0.29]
[array([0.48128391, 0.02637507, 0.54900078]), 0.252]
[array([0.42251871, 0.00456404, 0.5299821 ]), 0.034]
[array([0.47820476, 0.00394813, 0.58930515]), 0.082]
[array([0.41070488, 0.01317642, 0.54524756]), 0.354]
[array([0.46294968, 0.04577311, 0.59603169]), 0.01]
[array([0.4637776 , 0.00726753, 0.53313866]), 0.146]
[array([0.471296  , 0.05940673, 0.52379015]), 0.302]
[array([0.40373512, 0.02716969, 0.5642009 ]), 0.01]
[array([0.49415928, 0.01922697, 0.51698741]), 0.026]
[array([0.4880271 , 0.05565782, 0.53669669]), 0.052]
[array([0.42526872, 0.08514482, 0.5251254 ]), 0.21]
[array([0.45487257, 0.00953764, 0.60052124]), 0.106]
[array([0.34566999, 0.02565076, 0.51587443]), 0.306]
[array([0.48331097, 0.04653817, 0.61486989]), 0.014]
[array([0.394123  , 0.04300738, 0.55890319]), 0.07]
[array([0.44934488, 0.02690462, 0.59759372]), 0.066]
[array([0.49210659, 0.03918157, 0.56893628]), 0.016]
[array([0.45703005, 0.03271064, 0.64940798]), 0.09]
[array([0.3758056 , 0.02433663, 0.5145471 ]), 0.326]
[array([0.48623932, 0.06157439, 0.5296309 ]), 0.308]
[array([0.44539967, 0.0310528 , 0.50594529]), 0.196]
[array([0.44680115, 0.0037301 , 0.62453336]), 0.026]
[array([0.4483572 , 0.03985598, 0.5011887 ]), 0.196]
[array([0.41774693, 0.06098239, 0.51551775]), 0.328]
[array([0.3355271 , 0.09503469, 0.53144584]), 0.014]
[array([0.46883155, 0.01342888, 0.61445435]), 0.172]
[array([0.43037881, 0.00936723, 0.58859367]), 0.096]
[array([0.49936158, 0.04573227, 0.50245775]), 0.364]
[array([0.46584382, 0.01840751, 0.54781535]), 0.192]
[array([0.44605656, 0.02452716, 0.56739562]), 0.348]
[array([0.41492873, 0.05618794, 0.57490404]), 0.0]
[array([0.48425443, 0.00666637, 0.54016827]), 0.336]
[array([0.46349257, 0.02024631, 0.63871091]), 0.07]
[array([0.35251062, 0.02060433, 0.5268537 ]), 0.298]
[array([0.44953428, 0.01072107, 0.6187488 ]), 0.052]
[array([0.42363554, 0.05099195, 0.53746694]), 0.302]
[array([0.40509288, 0.07153376, 0.55857238]), 0.274]
[array([0.35432743, 0.02018828, 0.53692509]), 0.284]
[array([0.47136838, 0.00458703, 0.5331647 ]), 0.03]
[array([0.39727386, 0.03784232, 0.52867312]), 0.33]
[array([0.43409366, 0.05936245, 0.53180816]), 0.314]
[array([0.44407203, 0.00845509, 0.56009784]), 0.034]
[array([0.42409978, 0.07066417, 0.50549987]), 0.328]
[array([0.48125983, 0.00247281, 0.59750518]), 0.048]
[array([0.48695576, 0.03039077, 0.64550701]), 0.07]
[array([0.44983903, 0.03446976, 0.53381662]), 0.168]
[array([0.40621146, 0.01747184, 0.59471693]), 0.018]
[array([0.42198193, 0.00137709, 0.58779844]), 0.092]
[array([0.49986816, 0.02073076, 0.5608289 ]), 0.126]
[array([0.37143747, 0.00601614, 0.56561379]), 0.016]
[array([0.39070045, 0.00825157, 0.53939919]), 0.174]
[array([0.43194672, 0.00648021, 0.62842721]), 0.212]
[array([0.39355057, 0.04518161, 0.52820687]), 0.33]
[array([0.47056084, 0.02699935, 0.56115477]), 0.176]
[array([0.45627243, 0.02901035, 0.56193023]), 0.0]
[array([0.43568295, 0.01621886, 0.50882047]), 0.212]
[array([0.45849081, 0.04793151, 0.53000786]), 0.326]
[array([0.42803025, 0.02798414, 0.52274854]), 0.152]
[array([0.42511213, 0.0246071 , 0.6088363 ]), 0.07]
[array([0.48261804, 0.01481839, 0.58876855]), 0.004]
[array([0.45263671, 0.06919884, 0.51250919]), 0.328]
[array([0.41103119, 0.06599507, 0.55997712]), 0.274]
[array([0.36763537, 0.06322888, 0.53194437]), 0.304]
[array([0.42157236, 0.03647175, 0.56565269]), 0.008]
[array([0.37252548, 0.05463882, 0.54691114]), 0.292]
[array([0.37560426, 0.0137815 , 0.55655004]), 0.008]
[array([0.37691483, 0.05631653, 0.52010008]), 0.314]
[array([0.4995365 , 0.03799703, 0.62687511]), 0.082]
[array([0.35570028, 0.02053158, 0.52382842]), 0.302]
[array([0.44407945, 0.03923691, 0.5055015 ]), 0.198]
[array([0.455815  , 0.04396152, 0.57523029]), 0.054]
[array([0.34496352, 0.01312434, 0.52194934]), 0.176]
[array([0.49999049, 0.01794578, 0.5119026 ]), 0.03]
[array([0.46521371, 0.01410375, 0.6090897 ]), 0.018]
[array([0.47048061, 0.00092209, 0.52159392]), 0.114]
[array([0.39178348, 0.06596447, 0.56129505]), 0.292]
[array([0.44056288, 0.00570254, 0.52365994]), 0.176]
[array([0.37391051, 0.01117732, 0.53595316]), 0.176]
[array([0.42258502, 0.00148686, 0.57527946]), 0.042]
[array([0.45584203, 0.0234393 , 0.5758414 ]), 0.122]
[array([0.38129223, 0.05198143, 0.54619896]), 0.302]
[array([0.40099144, 0.03008223, 0.59164393]), 0.3]
[array([0.40314163, 0.04572085, 0.50964383]), 0.334]
[array([0.39381726, 0.02276962, 0.53879275]), 0.172]
[array([0.37906982, 0.03810587, 0.51948133]), 0.334]
[array([0.45199305, 0.01120297, 0.50343652]), 0.184]
[array([0.47815868, 0.02860488, 0.57211948]), 0.046]
[array([0.38877317, 0.07217024, 0.55159957]), 0.288]
[array([0.47718431, 0.06774294, 0.50470364]), 0.322]
[array([0.38792741, 0.04943339, 0.55228163]), 0.306]
[array([0.448608  , 0.03125868, 0.61122205]), 0.048]
[array([0.37559336, 0.03096155, 0.55807791]), 0.11]
[array([0.410726  , 0.0787966 , 0.51063186]), 0.242]
[array([0.37807738, 0.0113769 , 0.57074913]), 0.02]
[array([0.43719158, 0.02987285, 0.60489784]), 0.096]
[array([0.43756075, 0.00786012, 0.57025257]), 0.006]
[array([0.49222735, 0.01483121, 0.62917959]), 0.108]
[array([0.42397498, 0.00133077, 0.54106682]), 0.108]
[array([0.39508311, 0.01073396, 0.55600588]), 0.24]
[array([0.37497459, 0.0474923 , 0.50434705]), 0.326]
[array([0.35274125, 0.01550544, 0.54036706]), 0.142]
[array([0.45709696, 0.03784018, 0.65273691]), 0.078]
[array([0.37089136, 0.00163046, 0.53584646]), 0.178]
[array([0.42219046, 0.06102774, 0.50524364]), 0.334]
[array([0.40323782, 0.05574309, 0.57688167]), 0.002]
[array([0.44898352, 0.00836925, 0.65360147]), 0.238]
[array([0.43145441, 0.03793017, 0.56303823]), 0.056]
[array([0.47819166, 0.0210656 , 0.56514122]), 0.328]
[array([0.34068496, 0.01775865, 0.51370336]), 0.306]
[array([0.35192542, 0.04407228, 0.50203763]), 0.33]